0.312243	0.58034	0	0	0.312243	0.58034	0.6	0.6	5.19994	0
0.735463	0.629594	7.20081	2.97103e-16	0.862916	0.534212	0.859997	0.600045	5.19975	0.00179686
1.1605	0.494951	7.14567	-0.913965	1.17385	0.481073	1.11998	0.600225	5.19943	0.00538996
1.25805	0.533065	7.13499	0.88127	0.969149	0.397513	1.37996	0.600629	5.19898	0.0107781
1.61576	0.595373	7.10875	1.15909	1.65063	0.62469	1.6399	0.601347	5.19839	0.0179597
1.85104	0.561759	6.01331	0.150297	1.62331	0.499091	1.89982	0.60247	5.19766	0.0269323
2.16309	0.59108	6.00997	0.238851	2.18882	0.648739	2.1597	0.604086	5.19678	0.0376932
2.37907	0.636825	5.60859	0.306866	1.96701	0.557117	2.41954	0.606284	5.19573	0.0502389
2.65674	0.653729	5.60887	0.242732	2.65526	0.66598	2.67932	0.609155	5.1945	0.0645654
2.92324	0.647126	5.54988	-0.0294212	2.92034	0.645898	2.93904	0.612786	5.19309	0.080668
3.15953	0.64242	5.50525	-0.103565	3.01222	0.637046	3.19869	0.617267	5.19147	0.0985415
3.44489	0.538431	5.46013	-0.919939	3.56096	0.485311	3.45825	0.622685	5.18963	0.11818
3.74793	0.426395	5.37476	-1.57236	3.89365	0.311793	3.71772	0.62913	5.18754	0.139576
4.02907	0.510089	5.4988	-0.82469	4.19786	0.698311	3.97708	0.636689	5.18519	0.162724
4.3032	0.501737	5.48795	-0.784641	4.30935	0.578564	4.23632	0.645449	5.18256	0.187614
4.56475	0.535677	5.4451	-0.569018	4.61908	0.68951	4.49542	0.655498	5.17962	0.214238
4.75671	0.63989	5.32798	-0.0315078	4.35143	0.899174	4.75437	0.666921	5.17634	0.242587
5.01007	0.637085	5.27602	-0.0830398	5.20902	0.66599	5.01315	0.679804	5.1727	0.272649
5.31102	0.63609	5.3182	-0.103926	5.51894	0.648233	5.27175	0.694234	5.16867	0.304413
5.56848	0.644358	5.32016	-0.0683727	5.22835	0.639362	5.53013	0.710295	5.16422	0.337868
5.86144	0.662362	5.34764	-0.0143617	6.022	0.708619	5.78828	0.728072	5.15932	0.372999
6.10595	0.587686	5.29784	-0.301109	5.89392	0.373584	6.04618	0.747647	5.15393	0.409793
6.36323	0.702164	5.28014	0.0973254	6.34249	0.948833	6.30379	0.769103	5.14803	0.448233
6.61554	0.732486	5.24823	0.168056	6.62134	0.836138	6.5611	0.792523	5.14157	0.488305
6.86396	0.732639	5.23525	0.143228	6.78214	0.714036	6.81808	0.817988	5.13452	0.52999
7.11117	0.714618	5.19009	0.0552604	7.29121	0.630741	7.07469	0.845578	5.12685	0.573269
7.33496	0.799703	5.14099	0.283072	7.13735	0.957217	7.3309	0.875373	5.11851	0.618123
7.62157	0.81127	5.19058	0.287018	8.08349	0.819605	7.58668	0.907449	5.10946	0.664531
7.87147	0.791716	5.18558	0.203484	7.80533	0.719126	7.84199	0.941886	5.09966	0.712469
8.12459	0.80825	5.15537	0.216018	8.40453	0.884557	8.0968	0.978759	5.08907	0.761915
8.36339	0.827593	5.13499	0.242637	8.24796	0.840322	8.35106	1.01814	5.07766	0.812843
8.62683	0.913649	5.15421	0.439074	8.45858	1.41118	8.60472	1.06011	5.06537	0.865226
8.86396	0.973805	5.12355	0.549375	8.74615	1.04858	8.85775	1.10473	5.05216	0.919037
9.14882	1.01148	5.1531	0.593893	9.8809	1.1419	9.1101	1.15208	5.03798	0.974245
9.3858	1.04645	5.12839	0.629277	9.25579	1.04913	9.36172	1.20223	5.0228	1.03082
9.66077	1.11675	5.14251	0.744128	10.1016	1.52474	9.61255	1.25524	5.00656	1.08873
9.92943	1.24423	5.12131	0.985035	10.0484	1.44598	9.86254	1.31118	4.98922	1.14794
10.1816	1.33218	5.0737	1.11594	10.5377	1.72555	10.1117	1.37011	4.97074	1.20841
10.4084	1.41542	5.02463	1.22493	10.2492	1.45907	10.3598	1.4321	4.95106	1.2701
10.6463	1.50118	4.95673	1.33368	10.9084	1.70343	10.6069	1.49721	4.93014	1.33298
10.875	1.53715	4.93645	1.31734	10.7313	1.45265	10.853	1.56549	4.90794	1.39701
11.1374	1.58873	4.9505	1.32971	11.4783	1.42876	11.0979	1.637	4.8844	1.46213
11.4127	1.63693	4.97569	1.32882	11.587	1.61462	11.3416	1.71179	4.85948	1.52832
11.6473	1.69703	4.93906	1.36098	11.4763	1.53917	11.584	1.78992	4.83313	1.59551
11.8788	1.7637	4.91168	1.40271	11.7788	1.74591	11.8251	1.87144	4.80531	1.66366
12.1304	1.85155	4.91172	1.48114	12.136	2.14937	12.0647	1.95639	4.77598	1.73273
12.3735	1.88351	4.91298	1.43002	12.3226	1.78353	12.3029	2.04482	4.74508	1.80265
12.626	1.94349	4.9282	1.43755	12.5457	1.77728	12.5394	2.13677	4.71257	1.87338
12.8277	2.07759	4.84347	1.62288	12.5924	2.17509	12.7743	2.23227	4.67842	1.94485
13.0874	2.1795	4.86307	1.7027	13.2198	2.66441	13.0075	2.33137	4.64258	2.01701
13.2906	2.32095	4.77499	1.88065	13.0875	2.40708	13.2388	2.43409	4.605	2.08981
13.4786	2.46869	4.63695	2.06952	12.7087	3.12439	13.4682	2.54047	4.56565	2.16317
13.7245	2.58385	4.61974	2.15099	13.836	2.62479	13.6955	2.65053	4.52448	2.23703
13.9454	2.69867	4.5683	2.23163	13.8302	2.73893	13.9208	2.7643	4.48147	2.31134
14.1713	2.85055	4.51007	2.37781	14.2106	2.94205	14.1439	2.88179	4.43656	2.38601
14.4169	2.95536	4.53466	2.39493	14.5568	2.87021	14.3646	3.00303	4.38974	2.46099
14.6258	3.03415	4.50688	2.37426	14.4616	2.90734	14.583	3.12802	4.34097	2.5362
14.8535	3.18057	4.48292	2.47871	14.6754	3.96041	14.7989	3.25679	4.29021	2.61157
15.0574	3.37051	4.38332	2.67699	15.0261	3.5067	15.0122	3.38932	4.23744	2.68703
15.2692	3.53396	4.3022	2.80734	15.3685	4.14761	15.2228	3.52563	4.18263	2.76249
15.4794	3.71984	4.21983	2.96436	15.5236	3.82936	15.4306	3.66572	4.12575	2.83789
15.6922	3.85317	4.18679	3.00141	15.7234	3.4105	15.6355	3.80957	4.06678	2.91315
15.9121	3.99859	4.15706	3.05409	15.9774	4.00094	15.8375	3.95719	4.00571	2.98817
16.1096	4.16437	4.05835	3.15981	16.3376	4.21632	16.0363	4.10854	3.94251	3.0629
16.3058	4.35787	3.97056	3.29519	16.3313	4.44499	16.2319	4.26363	3.87716	3.13723
16.5154	4.51909	3.9379	3.34935	16.7586	4.48231	16.4242	4.42242	3.80966	3.21109
16.6946	4.69145	3.85326	3.43026	16.6039	4.67344	16.613	4.5849	3.74	3.28438
16.8502	4.89407	3.65443	3.59189	16.9236	5.10119	16.7983	4.75103	3.66817	3.35704
17.0152	5.11567	3.52437	3.74133	16.9955	5.21099	16.9799	4.92077	3.59416	3.42897
17.1849	5.29382	3.42711	3.80756	17.3421	4.64623	17.1579	5.09409	3.51797	3.50008
17.3469	5.47704	3.33948	3.86918	17.2894	5.43542	17.3319	5.27094	3.4396	3.57028
17.5021	5.65855	3.22482	3.93247	17.6463	4.74597	17.5019	5.45128	3.35907	3.63949
17.6992	5.78727	3.24662	3.87859	17.7853	5.62476	17.6679	5.63506	3.27637	3.70762
17.8395	5.99603	3.08575	3.98792	17.9216	6.07151	17.8297	5.82221	3.19151	3.77458
18.0167	6.18006	3.04876	4.02014	18.1263	6.16985	17.9872	6.01269	3.10453	3.84027
18.1627	6.39278	2.94109	4.1044	18.1245	6.79027	18.1402	6.20641	3.01542	3.90462
18.2867	6.62146	2.80148	4.20785	18.2164	6.66138	18.2888	6.40332	2.92421	3.96753
18.4154	6.84114	2.66976	4.28964	18.4022	7.02231	18.4328	6.60333	2.83093	4.0289
18.5673	6.98598	2.65398	4.24049	18.5422	6.76013	18.572	6.80638	2.7356	4.08867
18.7131	7.19487	2.60971	4.27967	18.8089	7.24388	18.7064	7.01237	2.63825	4.14672
18.9127	7.3348	2.68417	4.19932	19.1441	7.18344	18.8359	7.22122	2.53893	4.20299
18.9966	7.55483	2.46864	4.29319	18.5479	7.4012	18.9604	7.43283	2.43767	4.25737
19.0913	7.80085	2.31415	4.39453	19.0138	7.8688	19.0798	7.64712	2.3345	4.3098
19.2084	8.01495	2.23214	4.4329	19.3089	7.67375	19.1939	7.86397	2.22949	4.36017
19.2907	8.22629	2.09705	4.47226	19.132	8.12845	19.3028	8.08329	2.12266	4.40842
19.3865	8.44343	2.01045	4.50506	19.0239	8.17194	19.4062	8.30497	2.01409	4.45445
19.4839	8.59966	1.95286	4.45632	19.347	8.30741	19.5042	8.5289	1.90381	4.49819
19.5698	8.8191	1.82668	4.49665	19.6843	8.35902	19.5966	8.75494	1.7919	4.53956
19.7348	8.98796	1.89112	4.44301	20.0039	8.8906	19.6835	8.983	1.67841	4.57848
19.8026	9.21944	1.72198	4.50217	19.6061	9.48659	19.7645	9.21294	1.56341	4.61488
19.9372	9.4299	1.72402	4.50561	20.1574	9.45949	19.8398	9.44463	1.44697	4.64869
19.9769	9.66398	1.49542	4.56649	19.6163	9.76606	19.9093	9.67795	1.32916	4.67984
20.0689	9.88899	1.43085	4.59013	20.1573	9.90876	19.9728	9.91275	1.21005	4.70826
20.1262	10.1367	1.31693	4.64186	19.1911	11.5493	20.0303	10.1489	1.08972	4.73389
20.1784	10.3909	1.18485	4.69675	20.166	10.4687	20.0818	10.3863	0.968259	4.75666
20.1916	10.6323	0.951437	4.73624	19.6774	10.803	20.1271	10.6247	0.845742	4.77652
20.2539	10.889	0.859092	4.77907	20.371	11.0109	20.1663	10.864	0.722256	4.7934
20.2821	11.1419	0.726098	4.8141	19.4335	12.3402	20.1993	11.1041	0.597892	4.80727
20.3177	11.3762	0.617401	4.82265	20.3164	11.3483	20.2261	11.3449	0.472738	4.81807
20.2621	11.6283	0.244854	4.84085	19.2063	12.2418	20.2466	11.5861	0.346889	4.82575
20.3352	11.8645	0.229344	4.84527	20.6141	11.9422	20.2608	11.8275	0.220439	4.83027
20.3593	12.0998	0.196104	4.84692	19.966	11.9688	20.2687	12.0692	0.093487	4.83159
20.3501	12.3722	0.0356352	4.88143	20.3263	12.4966	20.2701	12.3108	-0.0338694	4.82968
20.2993	12.6133	-0.249904	4.86276	20.0192	12.4823	20.2652	12.5522	-0.161529	4.82451
20.3244	12.8521	-0.309707	4.85674	20.498	12.8924	20.254	12.7933	-0.28939	4.81605
20.3095	13.087	-0.445957	4.83717	20.9151	12.2555	20.2363	13.0339	-0.417348	4.80428
20.2732	13.3046	-0.591445	4.79592	20.1943	13.1688	20.2122	13.2738	-0.545298	4.78918
20.2329	13.5407	-0.723056	4.77553	19.858	13.5236	20.1818	13.5129	-0.673135	4.77072
20.2148	13.7923	-0.818992	4.77328	20.3245	13.8896	20.1449	13.7509	-0.800753	4.74892
20.157	14.0227	-0.995656	4.73161	20.3387	13.5307	20.1017	13.9878	-0.928043	4.72374
20.1043	14.2709	-1.12926	4.71539	20.1216	14.337	20.0521	14.2233	-1.0549	4.69521
20.0316	14.5006	-1.27949	4.6733	19.6717	14.4038	19.9962	14.4573	-1.18121	4.66331
19.9269	14.7462	-1.47771	4.63635	19.781	14.773	19.934	14.6897	-1.30687	4.62805
19.8587	14.967	-1.55945	4.59666	20.1149	14.0165	19.8655	14.9202	-1.43177	4.58944
19.8247	15.1894	-1.6049	4.56205	20.0208	15.2053	19.7908	15.1486	-1.55581	4.54751
19.6911	15.4015	-1.93712	4.42789	20.0157	15.3443	19.7099	15.3749	-1.67887	4.50226
19.6553	15.6008	-1.96585	4.37061	19.9131	15.554	19.6229	15.5989	-1.80085	4.45372
19.5576	15.8106	-2.0824	4.30661	19.9388	15.0864	19.5298	15.8203	-1.92164	4.40193
19.4554	16.0212	-2.20301	4.24065	19.4748	16.0098	19.4307	16.039	-2.04114	4.3469
19.3514	16.2321	-2.27282	4.19903	19.1556	16.0022	19.3257	16.2549	-2.15925	4.28868
19.2395	16.4128	-2.38465	4.10201	19.238	16.2719	19.2148	16.4679	-2.27586	4.22731
19.1184	16.6127	-2.50479	4.02558	19.4007	16.2962	19.0981	16.6777	-2.39087	4.16284
18.9921	16.8161	-2.61795	3.95681	19.0029	16.8387	18.9757	16.8841	-2.50418	4.0953
18.8351	17.0075	-2.84524	3.81012	18.8373	17.7112	18.8477	17.0872	-2.61571	4.02476
18.672	17.2277	-2.99254	3.74736	18.6148	17.3832	18.7142	17.2866	-2.72534	3.95127
18.5661	17.4347	-2.93951	3.77436	18.8177	17.0316	18.5752	17.4822	-2.83299	3.87489
18.3598	17.6159	-3.1277	3.65529	18.1023	17.5529	18.4309	17.674	-2.93858	3.79568
18.2229	17.8077	-3.14005	3.63593	18.2749	17.4877	18.2814	17.8617	-3.042	3.71372
18.0893	17.9944	-3.19614	3.57464	18.2094	18.0461	18.1268	18.0453	-3.14318	3.62906
17.9127	18.1513	-3.3385	3.4328	18.3021	17.498	17.9671	18.2246	-3.24204	3.5418
17.7741	18.3009	-3.38841	3.33062	17.9018	18.2183	17.8026	18.3994	-3.3385	3.45199
17.6377	18.4851	-3.40715	3.30016	18.8558	18.1365	17.6334	18.5697	-3.43247	3.35973
17.4498	18.6584	-3.51154	3.21833	17.3845	18.7039	17.4595	18.7353	-3.5239	3.26509
17.2671	18.8021	-3.61353	3.0914	17.7945	18.0801	17.281	18.8962	-3.61271	3.16817
17.1021	18.9414	-3.67093	2.98613	17.1762	18.8863	17.0983	19.0521	-3.69883	3.06904
16.9347	19.1116	-3.70908	2.9451	16.9398	19.7311	16.9113	19.203	-3.78221	2.9678
16.7195	19.2248	-3.82133	2.79132	16.5734	19.052	16.7201	19.3488	-3.86278	2.86455
16.5311	19.3767	-3.89266	2.70699	16.1674	20.2201	16.5251	19.4894	-3.9405	2.75938
16.3151	19.5291	-3.98638	2.62317	16.2338	19.6171	16.3262	19.6246	-4.01531	2.65237
16.0906	19.6145	-4.10282	2.41734	16.4366	18.2742	16.1237	19.7545	-4.08716	2.54364
15.8889	19.7552	-4.16187	2.33938	15.9243	19.8703	15.9176	19.8789	-4.15602	2.43329
15.6976	19.8815	-4.16426	2.30667	16.2328	19.2166	15.7082	19.9978	-4.22185	2.32141
15.4754	20.0273	-4.23561	2.24559	15.4332	20.1836	15.4956	20.111	-4.28461	2.2081
15.2687	20.1657	-4.27154	2.20239	14.3677	21.3406	15.2799	20.2185	-4.34427	2.09347
15.0772	20.2992	-4.29347	2.1508	15.2016	20.4385	15.0613	20.3203	-4.4008	1.97763
14.8482	20.3816	-4.36861	1.99271	14.7476	19.9571	14.84	20.4162	-4.4542	1.86068
14.6331	20.5003	-4.40992	1.92276	14.6665	20.6088	14.6161	20.5063	-4.50443	1.74272
14.4004	20.5854	-4.48357	1.76913	13.841	21.0031	14.3897	20.5904	-4.55149	1.62386
14.1551	20.6596	-4.54932	1.62963	14.0521	20.5924	14.1611	20.6686	-4.59537	1.50421
13.921	20.7295	-4.60753	1.47132	13.8232	20.859	13.9304	20.7408	-4.63606	1.38386
13.6526	20.7911	-4.6857	1.31924	13.4686	20.7253	13.6977	20.807	-4.67357	1.26294
13.407	20.8211	-4.7509	1.07359	13.8263	20.4261	13.4632	20.8671	-4.70789	1.14153
13.159	20.8652	-4.7897	0.921647	13.1072	20.8294	13.2271	20.9211	-4.73904	1.01975
12.9282	20.9225	-4.80629	0.813124	13.2669	21.1579	12.9895	20.969	-4.76702	0.897694
12.7175	20.9733	-4.79781	0.709567	12.8729	21.0592	12.7506	21.0108	-4.79186	0.775469
12.4693	21.0114	-4.82861	0.57118	11.5171	21.6724	12.5106	21.0465	-4.81358	0.653175
12.2222	21.0501	-4.85153	0.45488	12.2062	21.11	12.2695	21.0761	-4.83219	0.530912
11.9839	21.0694	-4.86194	0.301819	12.3859	21.1066	12.0276	21.0996	-4.84773	0.408778
11.7359	21.044	-4.86385	0.0968139	11.6814	20.8651	11.785	21.117	-4.86022	0.286869
11.4892	21.0302	-4.86466	-0.0780492	11.5265	20.6748	11.5418	21.1283	-4.86971	0.165281
11.2653	21.0278	-4.84182	-0.209053	11.363	21.0688	11.2982	21.1335	-4.87623	0.0441057
11.0125	20.9886	-4.83656	-0.403686	10.5558	20.5567	11.0544	21.1327	-4.87982	-0.076565
10.7932	20.9543	-4.79482	-0.56314	10.8903	20.927	10.8105	21.1259	-4.88053	-0.196643
10.5453	20.9531	-4.79081	-0.594861	9.30535	21.3896	10.5666	21.1131	-4.8784	-0.31604
10.2759	20.9764	-4.8261	-0.63486	10.189	21.209	10.3229	21.0943	-4.87349	-0.434674
10.037	20.9578	-4.81093	-0.728207	9.97958	21.2932	10.0795	21.0697	-4.86585	-0.552463
9.8306	20.9223	-4.75514	-0.845839	9.99634	20.9797	9.83658	21.0391	-4.85554	-0.669327
9.59279	20.9148	-4.7436	-0.837619	9.38223	21.111	9.59422	21.0028	-4.84262	-0.785189
9.38925	20.8644	-4.68353	-0.961106	9.53921	20.8762	9.35258	20.9607	-4.82714	-0.899977
9.16271	20.825	-4.65567	-1.05547	9.63392	20.9724	9.11177	20.9128	-4.80919	-1.01362
8.88689	20.7879	-4.68509	-1.13651	8.70331	20.8221	8.87192	20.8594	-4.78881	-1.12605
8.66665	20.7105	-4.63403	-1.28474	9.84634	20.009	8.63315	20.8003	-4.76608	-1.2372
8.40267	20.6235	-4.6297	-1.43169	8.22277	20.4839	8.39557	20.7358	-4.74108	-1.34701
8.17409	20.5437	-4.58761	-1.56414	8.29647	20.4978	8.1593	20.6657	-4.71387	-1.45542
7.93506	20.463	-4.55994	-1.6769	7.88599	20.45	7.92445	20.5903	-4.68453	-1.56237
7.71813	20.377	-4.5016	-1.82251	8.29081	20.6565	7.69111	20.5096	-4.65313	-1.66781
7.42902	20.3164	-4.54924	-1.876	7.18029	20.392	7.45939	20.4237	-4.61975	-1.7717
7.20075	20.2186	-4.50484	-1.98174	7.09214	20.1196	7.22939	20.3326	-4.58448	-1.87399
6.942	20.1365	-4.50874	-2.05322	6.81542	20.1859	7.00119	20.2364	-4.54738	-1.97462
6.71893	20.0437	-4.46712	-2.12553	6.89359	20.1536	6.7749	20.1352	-4.50854	-2.07357
6.47168	19.9539	-4.45891	-2.1923	6.38914	20.0137	6.55059	20.0292	-4.46805	-2.17079
6.25561	19.8594	-4.41116	-2.26475	6.67637	20.2142	6.32834	19.9183	-4.42598	-2.26625
5.99666	19.7674	-4.42349	-2.31564	5.86119	19.8306	6.10823	19.8027	-4.38241	-2.35993
5.77638	19.6207	-4.34522	-2.50049	5.28178	19.5036	5.89034	19.6824	-4.33744	-2.45178
5.58364	19.5012	-4.26137	-2.59108	5.69089	19.5755	5.67472	19.5577	-4.29114	-2.5418
5.38358	19.3514	-4.17049	-2.73089	5.9506	18.9859	5.46145	19.4284	-4.24359	-2.62995
5.16421	19.2516	-4.14631	-2.76411	5.17021	19.4397	5.25059	19.2948	-4.19488	-2.71622
4.96634	19.1392	-4.09912	-2.78308	5.87397	19.301	5.04219	19.157	-4.1451	-2.80059
4.79146	18.9888	-3.9926	-2.89256	4.89149	18.982	4.8363	19.015	-4.09432	-2.88305
4.58666	18.8389	-3.9272	-3.00522	3.98679	19.0452	4.63297	18.8689	-4.04263	-2.96359
4.40145	18.7073	-3.85822	-3.06385	4.4685	18.834	4.43224	18.7188	-3.99012	-3.0422
4.21293	18.5652	-3.80485	-3.09982	4.69245	18.4634	4.23416	18.5648	-3.93685	-3.11888
4.07409	18.4082	-3.66499	-3.19308	4.26269	18.481	4.03876	18.4071	-3.88293	-3.19362
3.89511	18.2364	-3.55393	-3.35625	3.42434	18.8357	3.84606	18.2457	-3.82841	-3.26644
3.65488	18.0963	-3.5899	-3.38197	3.45919	18.167	3.65611	18.0807	-3.77339	-3.33732
3.48476	17.9444	-3.52953	-3.40166	4.3011	17.9267	3.46891	17.9122	-3.71795	-3.40627
3.26823	17.7784	-3.5238	-3.4569	3.12525	17.7493	3.28449	17.7402	-3.66215	-3.47331
3.09385	17.5955	-3.42559	-3.5816	2.65664	17.888	3.10287	17.565	-3.60609	-3.53844
2.90903	17.4772	-3.41299	-3.56051	2.9449	17.8154	2.92405	17.3866	-3.54982	-3.60167
2.76933	17.2619	-3.23878	-3.74229	3.26647	17.0897	2.74805	17.2051	-3.49344	-3.66302
2.5956	17.0779	-3.17729	-3.80635	2.55407	17.0853	2.57486	17.0205	-3.437	-3.72251
2.4285	16.9094	-3.14721	-3.79774	2.55039	16.8884	2.4045	16.833	-3.38059	-3.78014
2.26267	16.7369	-3.09614	-3.83454	2.25371	16.8334	2.23695	16.6427	-3.32428	-3.83595
2.09083	16.5414	-3.06348	-3.8662	1.57735	16.0489	2.07221	16.4497	-3.26812	-3.88995
1.93892	16.3125	-2.96504	-3.9728	1.88972	16.1054	1.91027	16.254	-3.21219	-3.94216
1.77937	16.135	-2.94044	-3.96756	1.74362	16.2687	1.75112	16.0557	-3.15656	-3.99261
1.57931	15.967	-2.98124	-3.96137	1.44745	16.0853	1.59474	15.8549	-3.10129	-4.04132
1.4556	15.7378	-2.82556	-4.09944	1.6097	15.5526	1.44111	15.6517	-3.04644	-4.08832
1.28691	15.5224	-2.79275	-4.15675	1.18395	15.4284	1.29021	15.4463	-2.99207	-4.13364
1.13294	15.3289	-2.76045	-4.17302	0.828993	15.528	1.14201	15.2386	-2.93825	-4.1773
0.930055	15.115	-2.80398	-4.20598	0.722706	15.0075	0.996486	15.0288	-2.88503	-4.21933
0.78174	14.9316	-2.79019	-4.18082	1.03147	15.2134	0.853604	14.8169	-2.83246	-4.25977
0.669215	14.7153	-2.67553	-4.23995	0.737301	14.7047	0.71333	14.603	-2.78061	-4.29864
0.560458	14.4759	-2.52659	-4.3516	0.722177	14.2445	0.575628	14.3872	-2.72952	-4.33598
0.389922	14.2569	-2.53598	-4.38329	0.253435	14.2029	0.440459	14.1696	-2.67925	-4.37181
0.278454	14.0085	-2.37993	-4.5135	-0.0328023	13.9604	0.307779	13.9502	-2.62984	-4.40617
0.244712	13.7576	-2.12035	-4.6031	0.459172	13.6856	0.177545	13.7292	-2.58135	-4.43909
0.147088	13.5165	-1.98617	-4.68438	0.0524412	13.6377	0.0497099	13.5065	-2.53381	-4.47061
-0.0155938	13.2903	-2.0217	-4.70506	-0.190344	13.2856	-0.0757753	13.2823	-2.48728	-4.50075
-0.132206	13.0699	-1.98947	-4.70264	-0.275043	13.1456	-0.198962	13.0566	-2.44179	-4.52955
-0.155772	12.8385	-1.75364	-4.74636	0.0462308	12.9301	-0.319903	12.8295	-2.39739	-4.55704
-0.275196	12.6118	-1.75699	-4.7336	-0.684792	12.3563	-0.438654	12.6011	-2.35412	-4.58326
-0.393139	12.3765	-1.73535	-4.75817	-0.476482	12.3633	-0.555273	12.3714	-2.31202	-4.60823
-0.518489	12.166	-1.76485	-4.72956	-0.972122	12.5207	-0.669818	12.1404	-2.27111	-4.63198
-0.601389	11.9431	-1.68707	-4.74243	-0.582624	12.0386	-0.78235	11.9083	-2.23144	-4.65456
-0.726499	11.7155	-1.71618	-4.73523	-1.26757	11.6495	-0.892931	11.6751	-2.19304	-4.67598
-0.911304	11.4765	-1.85651	-4.73603	-1.17212	11.3988	-1.00163	11.4409	-2.15594	-4.69628
-1.01971	11.2486	-1.87388	-4.70599	-0.891441	10.959	-1.1085	11.2057	-2.12017	-4.71549
-1.19102	11.023	-1.99052	-4.68905	-1.39289	11.0424	-1.21362	10.9695	-2.08575	-4.73364
-1.27028	10.7788	-1.87733	-4.74979	-1.29894	10.9012	-1.31706	10.7324	-2.05273	-4.75075
-1.39696	10.5275	-1.89401	-4.77475	-1.49687	10.4198	-1.41889	10.4945	-2.02111	-4.76686
-1.47934	10.2684	-1.79297	-4.84028	-1.59293	10.0212	-1.51917	10.2559	-1.99093	-4.78198
-1.58431	10.0549	-1.78606	-4.82282	-1.61875	10.2374	-1.61797	10.0165	-1.96221	-4.79615
-1.67498	9.82352	-1.75711	-4.81923	-1.59702	9.96554	-1.71539	9.77637	-1.93498	-4.80939
-1.75598	9.59936	-1.70456	-4.81817	-1.73381	9.71347	-1.81147	9.53564	-1.90924	-4.82172
-1.85969	9.35138	-1.67513	-4.85571	-2.27191	9.37316	-1.90631	9.29431	-1.88502	-4.83316
-1.93809	9.06381	-1.6027	-4.92264	-1.93833	8.77028	-1.99998	9.05243	-1.86233	-4.84374
-2.02768	8.83777	-1.60456	-4.89646	-1.96565	9.13274	-2.09256	8.81003	-1.8412	-4.85347
-2.1239	8.58648	-1.59284	-4.91525	-2.1768	8.5411	-2.18412	8.56717	-1.82164	-4.86238
-2.24609	8.33671	-1.64256	-4.92338	-2.65862	8.19477	-2.27474	8.32388	-1.80365	-4.87047
-2.30109	8.09829	-1.55117	-4.93207	-2.21875	8.15339	-2.3645	8.0802	-1.78726	-4.87778
-2.37192	7.87991	-1.51747	-4.90657	-2.273	8.52315	-2.45348	7.83617	-1.77248	-4.8843
-2.48208	7.63065	-1.55015	-4.91769	-2.59674	7.60288	-2.54177	7.59184	-1.75931	-4.89006
-2.64229	7.39841	-1.74279	-4.86156	-3.08256	7.38874	-2.62944	7.34723	-1.74777	-4.89507
-2.74464	7.14331	-1.75293	-4.87842	-2.79865	7.064	-2.71658	7.10238	-1.73786	-4.89933
-2.81063	6.90639	-1.67253	-4.89447	-2.79412	7.20818	-2.80326	6.85734	-1.72958	-4.90286
-2.86215	6.68941	-1.593	-4.87601	-2.74651	6.86867	-2.88957	6.61214	-1.72295	-4.90566
-2.9361	6.46068	-1.61266	-4.83617	-2.57673	6.36755	-2.97559	6.36681	-1.71797	-4.90774
-2.99296	6.22047	-1.54854	-4.8433	-2.90217	6.22989	-3.0614	6.12139	-1.71464	-4.90911
-3.10713	5.97651	-1.59704	-4.85029	-3.50172	6.10796	-3.14709	5.87592	-1.71297	-4.90976
-3.18497	5.7065	-1.57023	-4.88719	-3.1778	5.53101	-3.23274	5.63043	-1.71295	-4.9097
-3.2938	5.4604	-1.66274	-4.8632	-3.19736	5.19093	-3.31843	5.38496	-1.71458	-4.90893
-3.38656	5.20201	-1.6701	-4.88244	-3.43031	5.10507	-3.40424	5.13955	-1.71787	-4.90745
-3.45599	4.95531	-1.61548	-4.89957	-3.4281	4.94644	-3.49026	4.89422	-1.72281	-4.90525
-3.56347	4.68477	-1.64966	-4.93083	-3.69435	4.52196	-3.57657	4.64902	-1.72939	-4.90233
-3.67209	4.43417	-1.74435	-4.90859	-3.50501	4.17643	-3.66325	4.40398	-1.73763	-4.89868
-3.79838	4.17035	-1.81276	-4.92664	-4.00238	4.04684	-3.75039	4.15913	-1.74749	-4.8943
-3.88227	3.92833	-1.77557	-4.93491	-4.06447	4.10977	-3.83806	3.91452	-1.75899	-4.88918
-3.95754	3.69068	-1.74933	-4.92641	-3.88053	3.75177	-3.92635	3.67019	-1.77212	-4.8833
-4.06418	3.47802	-1.83256	-4.8649	-4.23729	3.88878	-4.01533	3.42616	-1.78686	-4.87666
-4.15501	3.23276	-1.83559	-4.86575	-4.15119	3.21968	-4.10509	3.18248	-1.8032	-4.86925
-4.26962	2.9818	-1.91528	-4.85558	-4.27467	2.88187	-4.19571	2.93919	-1.82113	-4.86104
-4.3566	2.71221	-1.90377	-4.88655	-4.32451	2.55034	-4.28727	2.69633	-1.84065	-4.85202
-4.44493	2.46219	-1.88733	-4.896	-4.38481	2.39989	-4.37985	2.45393	-1.86173	-4.84218
-4.54706	2.2016	-1.90195	-4.91416	-4.61223	2.09192	-4.47352	2.21205	-1.88436	-4.83149
-4.65878	1.96793	-2.01838	-4.86321	-4.29257	1.92854	-4.56836	1.97072	-1.90853	-4.81994
-4.77062	1.70129	-2.04609	-4.88742	-4.86829	1.53442	-4.66444	1.72998	-1.93422	-4.80751
-4.89472	1.4546	-2.14038	-4.86504	-4.98165	1.43611	-4.76186	1.48989	-1.9614	-4.79417
-4.95682	1.21259	-2.09245	-4.85699	-4.66779	1.28643	-4.86066	1.25049	-1.99007	-4.7799
-5.05569	0.987949	-2.09945	-4.82677	-4.98594	1.10894	-4.96095	1.01182	-2.02019	-4.76468
-5.11925	0.748336	-2.05511	-4.81892	-4.85498	0.825661	-5.06277	0.77393	-2.05174	-4.74848
-5.21012	0.464433	-2.05628	-4.86829	-4.84736	0.18101	-5.16621	0.536876	-2.08471	-4.73127
-5.2863	0.21999	-2.03072	-4.86495	-5.1231	0.257311	-5.27133	0.300706	-2.11906	-4.71303
-5.39664	-0.0170827	-2.0195	-4.86164	-5.99809	-0.290765	-5.3782	0.0654719	-2.15477	-4.69374
-5.46928	-0.260314	-1.98549	-4.86014	-5.29972	-0.212982	-5.4869	-0.168772	-2.1918	-4.67335
-5.59137	-0.455729	-2.06966	-4.77913	-5.64447	-0.144522	-5.59748	-0.401971	-2.23014	-4.65185
-5.72984	-0.649592	-2.16569	-4.69854	-5.85359	-0.445801	-5.71001	-0.634069	-2.26974	-4.62919
-5.8439	-0.876469	-2.25873	-4.65923	-5.30947	-0.724468	-5.82456	-0.865006	-2.31058	-4.60536
-5.93828	-1.13704	-2.24073	-4.69296	-5.87835	-1.26863	-5.94118	-1.09472	-2.35262	-4.58032
-6.02612	-1.39893	-2.21245	-4.72847	-5.68069	-1.52871	-6.05993	-1.32316	-2.39581	-4.55404
-6.16478	-1.60937	-2.29522	-4.67152	-6.27263	-1.50938	-6.18087	-1.55025	-2.44014	-4.52648
-6.30706	-1.83946	-2.44826	-4.62515	-6.11355	-1.75966	-6.30406	-1.77593	-2.48555	-4.49762
-6.41207	-2.08497	-2.44646	-4.63495	-6.34007	-2.13685	-6.42954	-2.00014	-2.532	-4.46742
-6.56392	-2.29153	-2.53979	-4.56789	-6.99344	-2.17445	-6.55738	-2.22281	-2.57946	-4.43585
-6.71275	-2.50202	-2.62295	-4.51065	-6.79288	-2.4458	-6.68761	-2.44386	-2.62788	-4.40288
-6.86843	-2.71466	-2.72179	-4.45416	-7.14408	-2.67584	-6.82029	-2.66323	-2.6772	-4.36847
-6.96056	-2.97599	-2.66655	-4.51053	-6.8003	-3.10086	-6.95546	-2.88084	-2.7274	-4.3326
-7.09015	-3.20083	-2.68197	-4.49296	-7.13937	-3.22028	-7.09316	-3.09663	-2.7784	-4.29523
-7.21533	-3.40175	-2.71655	-4.43892	-7.12118	-3.26434	-7.23344	-3.3105	-2.83017	-4.25632
-7.36112	-3.64361	-2.75384	-4.44541	-7.77186	-4.08999	-7.37632	-3.5224	-2.88265	-4.21586
-7.52072	-3.79602	-2.86826	-4.30179	-7.49009	-3.49081	-7.52184	-3.73223	-2.93579	-4.1738
-7.66502	-4.00557	-2.92132	-4.26504	-7.52393	-3.88213	-7.67004	-3.93992	-2.98953	-4.13012
-7.81967	-4.22882	-2.96968	-4.24929	-7.88049	-4.29783	-7.82094	-4.14538	-3.04381	-4.08479
-7.97054	-4.44598	-3.00763	-4.22851	-8.08524	-4.57834	-7.97457	-4.34854	-3.09857	-4.03778
-8.13173	-4.67742	-3.05244	-4.22731	-8.22492	-4.79812	-8.13095	-4.5493	-3.15376	-3.98906
-8.27215	-4.88631	-3.02853	-4.20818	-8.453	-4.95621	-8.2901	-4.74759	-3.2093	-3.93862
-8.40608	-5.1045	-3.02743	-4.20678	-8.33552	-5.1059	-8.45204	-4.94331	-3.26514	-3.88641
-8.55284	-5.28297	-3.03615	-4.13948	-8.55062	-4.79248	-8.61678	-5.13637	-3.32121	-3.83242
-8.74487	-5.47883	-3.14051	-4.07646	-8.91477	-5.51752	-8.78433	-5.32669	-3.37745	-3.77663
-8.90311	-5.67882	-3.16486	-4.04532	-9.04115	-5.69364	-8.95469	-5.51417	-3.43377	-3.71901
-9.06257	-5.86598	-3.20782	-3.99554	-9.03391	-5.80267	-9.12788	-5.69872	-3.49012	-3.65955
-9.2015	-6.03537	-3.19088	-3.9353	-8.86897	-5.41973	-9.30388	-5.88026	-3.54643	-3.59823
-9.3848	-6.14744	-3.30648	-3.75966	-9.30811	-5.82368	-9.4827	-6.05868	-3.60261	-3.53503
-9.55802	-6.33267	-3.34806	-3.71857	-9.80646	-6.41174	-9.66432	-6.23389	-3.6586	-3.46994
-9.7019	-6.53549	-3.33627	-3.72999	-9.62547	-6.55958	-9.84874	-6.4058	-3.71431	-3.40295
-9.92042	-6.69504	-3.48259	-3.62143	-10.6688	-6.35543	-10.0359	-6.57431	-3.76969	-3.33404
-10.1254	-6.85428	-3.58088	-3.52677	-10.2246	-6.83402	-10.2259	-6.73933	-3.82463	-3.26321
-10.3087	-7.0176	-3.64076	-3.46212	-10.2205	-6.71044	-10.4186	-6.90075	-3.87907	-3.19046
-10.5376	-7.18846	-3.75619	-3.38062	-10.7616	-7.29159	-10.614	-7.05849	-3.93293	-3.11577
-10.7417	-7.33254	-3.84029	-3.27845	-10.8944	-6.83335	-10.8121	-7.21245	-3.98613	-3.03916
-10.9862	-7.48587	-3.96923	-3.16712	-11.2219	-7.56979	-11.0128	-7.36252	-4.03859	-2.96062
-11.1757	-7.62983	-3.9995	-3.08915	-10.986	-7.3707	-11.2161	-7.50862	-4.09021	-2.88015
-11.3293	-7.78384	-3.97432	-3.06735	-11.0934	-7.6776	-11.422	-7.65064	-4.14093	-2.79777
-11.5256	-7.91427	-4.01752	-2.9717	-11.4213	-7.46085	-11.6304	-7.78849	-4.19066	-2.71349
-11.7103	-8.02019	-4.05432	-2.85055	-11.5269	-7.8215	-11.8413	-7.92208	-4.23932	-2.6273
-11.9072	-8.13809	-4.07729	-2.73985	-11.9422	-7.88317	-12.0546	-8.05131	-4.28682	-2.53924
-12.1254	-8.22786	-4.15697	-2.58163	-12.09	-8.08828	-12.2702	-8.17609	-4.33309	-2.44932
-12.3473	-8.35325	-4.23517	-2.51064	-12.4462	-8.02117	-12.4881	-8.29633	-4.37802	-2.35756
-12.5542	-8.43307	-4.28557	-2.35948	-12.4231	-8.2599	-12.7082	-8.41193	-4.42156	-2.26399
-12.7642	-8.52192	-4.31533	-2.21938	-12.7461	-8.19449	-12.9304	-8.5228	-4.4636	-2.16863
-13.0378	-8.60546	-4.43822	-2.04597	-13.2911	-8.64594	-13.1547	-8.62886	-4.50407	-2.07151
-13.2818	-8.70412	-4.51284	-1.94765	-13.7929	-8.47158	-13.381	-8.73002	-4.54289	-1.97267
-13.5058	-8.74958	-4.56083	-1.75879	-13.384	-8.57583	-13.6092	-8.82619	-4.57997	-1.87214
-13.7286	-8.79203	-4.58446	-1.55308	-13.6376	-8.26343	-13.8392	-8.91729	-4.61524	-1.76997
-13.9539	-8.8985	-4.60741	-1.51563	-13.9959	-8.99264	-14.0709	-9.00324	-4.64861	-1.6662
-14.198	-8.98854	-4.66538	-1.46829	-14.4737	-8.79552	-14.3043	-9.08395	-4.68001	-1.56086
-14.4201	-9.09579	-4.67342	-1.45262	-14.4273	-9.1875	-14.5391	-9.15936	-4.70936	-1.45402
-14.6506	-9.1658	-4.69404	-1.35317	-14.5757	-9.32634	-14.7754	-9.22939	-4.73658	-1.34573
-14.9306	-9.16313	-4.78407	-1.08785	-15.062	-9.04396	-15.013	-9.29397	-4.76161	-1.23603
-15.1845	-9.23677	-4.82224	-1.02365	-15.6189	-9.69365	-15.2517	-9.35302	-4.78436	-1.125
-15.4435	-9.34784	-4.85386	-1.04285	-15.6682	-9.56749	-15.4916	-9.40649	-4.80476	-1.01269
-15.6896	-9.37714	-4.86916	-0.871144	-15.9382	-9.35751	-15.7324	-9.45431	-4.82275	-0.899159
-15.9443	-9.45923	-4.89377	-0.850016	-16.0862	-9.59819	-15.9741	-9.49642	-4.83827	-0.784484
-16.1969	-9.4686	-4.91502	-0.662294	-16.6033	-8.85459	-16.2164	-9.53277	-4.85124	-0.668734
-16.4486	-9.46249	-4.9363	-0.474218	-16.4229	-9.37029	-16.4594	-9.5633	-4.8616	-0.55198
-16.6735	-9.45925	-4.91553	-0.302686	-16.011	-9.33486	-16.7027	-9.58797	-4.8693	-0.434301
-16.9513	-9.44688	-4.95369	-0.120115	-17.1132	-9.43043	-16.9464	-9.60673	-4.87427	-0.315773
-17.201	-9.50597	-4.96833	-0.141831	-16.9255	-10.8571	-17.1903	-9.61954	-4.87646	-0.196479
-17.4596	-9.52352	-4.98173	-0.0558942	-17.5448	-9.57485	-17.4342	-9.62636	-4.87583	-0.0765024
-17.717	-9.51316	-4.98307	0.0963925	-18.1371	-9.39146	-17.6781	-9.62717	-4.87232	0.0440703
-17.9711	-9.48098	-4.98244	0.263736	-17.9724	-9.42299	-17.9216	-9.62194	-4.86588	0.165151
-18.2172	-9.4423	-4.95881	0.450856	-18.3083	-9.18778	-18.1648	-9.61064	-4.85648	0.286648
-18.4284	-9.48181	-4.92007	0.424469	-18.2763	-9.60997	-18.4074	-9.59325	-4.84408	0.40847
-18.666	-9.46687	-4.90993	0.498342	-18.2443	-9.58547	-18.6493	-9.56977	-4.82864	0.530522
-18.9137	-9.45931	-4.90371	0.565732	-18.9545	-9.51544	-18.8904	-9.54017	-4.81012	0.652707
-19.1456	-9.41924	-4.88194	0.675435	-18.6983	-9.02886	-19.1305	-9.50447	-4.78851	0.774927
-19.3874	-9.30476	-4.84675	0.943136	-19.2983	-9.09865	-19.3694	-9.46265	-4.76378	0.897083
-19.6226	-9.22708	-4.79499	1.13973	-19.7037	-8.79906	-19.6069	-9.41472	-4.73591	1.01907
-19.8696	-9.10921	-4.7528	1.37802	-19.8731	-8.96417	-19.8431	-9.36071	-4.70487	1.1408
-20.1054	-9.00969	-4.70417	1.55533	-20.3815	-7.6755	-20.0775	-9.30061	-4.67066	1.26215
-20.2975	-9.119	-4.68567	1.29825	-20.1607	-9.59663	-20.3102	-9.23446	-4.63328	1.38303
-20.5371	-9.07305	-4.67356	1.3518	-20.4587	-9.7448	-20.5409	-9.16227	-4.59271	1.50334
-20.7569	-8.98129	-4.62213	1.49698	-20.6596	-8.91527	-20.7696	-9.08409	-4.54895	1.62296
-20.9979	-8.89876	-4.59126	1.62078	-21.5568	-8.5005	-20.9959	-8.99994	-4.50202	1.74179
-21.1976	-8.8288	-4.52697	1.69945	-21.0195	-8.85081	-21.2198	-8.90987	-4.45191	1.85972
-21.4308	-8.73786	-4.48461	1.82386	-21.8628	-8.64129	-21.4412	-8.81393	-4.39865	1.97666
-21.6298	-8.70782	-4.43891	1.80768	-21.5029	-8.87191	-21.6597	-8.71217	-4.34224	2.0925
-21.8251	-8.55651	-4.30248	2.0774	-21.9514	-7.41274	-21.8754	-8.60465	-4.2827	2.20712
-22.0292	-8.48287	-4.2528	2.12549	-21.9793	-8.57089	-22.0881	-8.49143	-4.22007	2.32043
-22.2391	-8.37026	-4.20938	2.21903	-22.1914	-7.70392	-22.2975	-8.37258	-4.15437	2.43232
-22.4654	-8.28079	-4.18526	2.27552	-22.5838	-8.35296	-22.5035	-8.24817	-4.08564	2.5427
-22.6596	-8.15672	-4.09702	2.40683	-22.3177	-8.57758	-22.7061	-8.11829	-4.01391	2.65145
-22.8814	-7.94009	-4.00895	2.67166	-22.9861	-7.6724	-22.9049	-7.98301	-3.93923	2.75848
-23.0728	-7.78813	-3.87601	2.85248	-23.2693	-8.32031	-23.1	-7.84243	-3.86163	2.8637
-23.2936	-7.62312	-3.81787	2.99141	-23.4777	-7.56583	-23.2911	-7.69663	-3.78118	2.967
-23.4921	-7.48372	-3.7872	3.0389	-23.473	-7.02103	-23.4781	-7.54572	-3.69792	3.06828
-23.6602	-7.33684	-3.68587	3.12825	-23.5408	-7.36069	-23.6609	-7.3898	-3.61191	3.16746
-23.8496	-7.17855	-3.62344	3.21162	-24.0505	-6.56968	-23.8393	-7.22897	-3.52321	3.26445
-24.017	-7.07446	-3.55706	3.21274	-23.9384	-7.26171	-24.0132	-7.06336	-3.43189	3.35916
-24.1839	-6.89214	-3.43604	3.34822	-24.3577	-5.94086	-24.1825	-6.89307	-3.33801	3.45149
-24.3382	-6.65414	-3.28536	3.54522	-24.2574	-6.4352	-24.347	-6.71823	-3.24166	3.54138
-24.5052	-6.47771	-3.16933	3.64991	-24.788	-7.18367	-24.5066	-6.53896	-3.14289	3.62873
-24.6113	-6.32364	-3.01588	3.69848	-24.3008	-6.43799	-24.6612	-6.35538	-3.0418	3.71347
-24.7521	-6.13204	-2.89454	3.7918	-24.6108	-6.00878	-24.8107	-6.16764	-2.93846	3.79553
-24.9297	-5.93797	-2.83312	3.8732	-25.146	-5.91902	-24.955	-5.97587	-2.83295	3.87484
-25.0599	-5.73351	-2.71207	3.96058	-24.8975	-5.02285	-25.094	-5.7802	-2.72537	3.95132
-25.1939	-5.55792	-2.61507	4.00232	-25.1941	-5.64372	-25.2276	-5.58079	-2.61581	4.02492
-25.3464	-5.3722	-2.58513	4.02614	-25.5328	-5.4399	-25.3556	-5.37777	-2.50435	4.09557
-25.4865	-5.15592	-2.4913	4.10899	-25.5713	-5.10241	-25.4779	-5.1713	-2.39109	4.16322
-25.6192	-4.97435	-2.46068	4.11038	-25.0178	-6.55904	-25.5946	-4.96152	-2.27613	4.22781
-25.7345	-4.79519	-2.36597	4.13331	-25.6952	-4.89995	-25.7055	-4.7486	-2.15956	4.2893
-25.8553	-4.58943	-2.29158	4.17669	-25.8162	-4.40681	-25.8105	-4.53268	-2.04149	4.34764
-25.9637	-4.35542	-2.17533	4.26089	-25.9516	-4.26659	-25.9096	-4.31392	-1.92202	4.40279
-26.073	-4.13622	-2.00253	4.35099	-26.8953	-4.43966	-26.0027	-4.0925	-1.80125	4.45471
-26.1598	-3.86684	-1.84688	4.46532	-26.1198	-3.67723	-26.0897	-3.86856	-1.67928	4.50337
-26.234	-3.63256	-1.62864	4.55204	-26.5652	-3.85723	-26.1706	-3.64227	-1.55623	4.54875
-26.2627	-3.3681	-1.39955	4.63863	-25.9974	-3.24722	-26.2453	-3.41381	-1.4322	4.59081
-26.312	-3.12645	-1.19047	4.69891	-26.2976	-3.01078	-26.3138	-3.18332	-1.30729	4.62954
-26.3382	-2.88624	-0.993197	4.73588	-26.1741	-2.87885	-26.376	-2.95098	-1.18162	4.66493
-26.396	-2.65847	-0.879087	4.75265	-26.4681	-3.44967	-26.4319	-2.71697	-1.05529	4.69696
-26.4758	-2.48517	-0.823644	4.71013	-26.674	-2.73852	-26.4815	-2.48143	-0.928411	4.72562
-26.5305	-2.24992	-0.739805	4.72752	-26.657	-1.72382	-26.5247	-2.24456	-0.80109	4.75091
-26.5816	-2.04514	-0.642341	4.71372	-26.6691	-2.17333	-26.5616	-2.0065	-0.673434	4.77284
-26.6123	-1.80741	-0.544987	4.72626	-26.3248	-1.32261	-26.5921	-1.76744	-0.545553	4.79141
-26.6096	-1.5622	-0.367055	4.74534	-26.4671	-1.53207	-26.6161	-1.52753	-0.417552	4.80664
-26.6071	-1.32827	-0.170048	4.75093	-26.4998	-2.19526	-26.6338	-1.28695	-0.289538	4.81852
-26.6105	-1.10063	-0.0303403	4.74289	-26.5998	-1.14277	-26.6451	-1.04586	-0.161616	4.8271
-26.6395	-0.872109	0.044612	4.73855	-27.2008	-1.67679	-26.65	-0.804425	-0.0338883	4.83238
-26.6496	-0.628216	0.15612	4.74656	-26.7355	-0.59539	-26.6485	-0.562811	0.0935412	4.83439
-26.6369	-0.387328	0.332294	4.74483	-26.9891	0.0351487	-26.6406	-0.321181	0.220572	4.83317
-26.5909	-0.110087	0.524504	4.76907	-26.4553	0.0602653	-26.6264	-0.0796947	0.347104	4.82874
-26.5714	0.127967	0.664109	4.75421	-26.9537	0.136943	-26.6059	0.161489	0.473041	4.82116
-26.5478	0.404741	0.792309	4.77945	-26.6201	0.57588	-26.5792	0.402213	0.598287	4.81045
-26.535	0.641588	0.840993	4.76571	-26.8241	0.381506	-26.5462	0.642323	0.722748	4.79667
-26.5274	0.913501	0.915514	4.79032	-26.7293	1.06082	-26.5069	0.881666	0.846334	4.77986
-26.4895	1.1649	0.958618	4.78842	-25.9562	2.60409	-26.4616	1.12009	0.968955	4.76007
-26.4324	1.40704	1.08987	4.76451	-26.3986	1.42212	-26.4101	1.35745	1.09053	4.73737
-26.3936	1.63012	1.14353	4.73056	-26.5072	-0.563928	-26.3526	1.59361	1.21096	4.71181
-26.3376	1.85204	1.25018	4.68749	-26.3594	1.79315	-26.2891	1.82841	1.33018	4.68345
-26.2702	2.08299	1.37695	4.65042	-26.3475	1.82827	-26.2197	2.06173	1.44811	4.65235
-26.2064	2.28988	1.47648	4.59038	-26.2502	2.18481	-26.1444	2.29342	1.56467	4.61859
-26.1438	2.51964	1.52514	4.56844	-26.069	2.27896	-26.0633	2.52336	1.67979	4.58223
-26.065	2.75853	1.63073	4.54505	-26.0641	2.80701	-25.9765	2.75141	1.79339	4.54334
-25.9708	2.98088	1.80885	4.48229	-26.3234	3.02388	-25.8841	2.97746	1.90543	4.502
-25.8716	3.24524	1.93004	4.48162	-25.8345	3.42005	-25.7861	3.20139	2.01582	4.45828
-25.7891	3.47272	2.01637	4.44486	-26.1824	3.73376	-25.6826	3.42306	2.12452	4.41227
-25.6825	3.6822	2.12951	4.37927	-25.6666	3.63509	-25.5737	3.64239	2.23146	4.36404
-25.5659	3.89142	2.25802	4.30853	-25.5773	3.13316	-25.4596	3.85924	2.3366	4.31367
-25.4961	4.08588	2.2946	4.24943	-25.7492	3.99968	-25.3402	4.07353	2.43989	4.26125
-25.3726	4.29059	2.41274	4.17932	-25.3516	3.75691	-25.2157	4.28514	2.54127	4.20686
-25.2146	4.50287	2.56846	4.10645	-25.0214	4.52803	-25.0863	4.49399	2.64071	4.15058
-25.0638	4.70075	2.66678	4.03849	-24.2719	4.30917	-24.9518	4.69998	2.73817	4.09251
-24.9445	4.89827	2.74094	3.97712	-25.0363	4.88499	-24.8126	4.90303	2.83361	4.03273
-24.7885	5.09005	2.858	3.89523	-24.3609	4.95947	-24.6686	5.10304	2.92701	3.97132
-24.6226	5.29626	2.98249	3.82952	-24.5041	5.35293	-24.5201	5.29995	3.01833	3.90839
-24.4514	5.47385	3.14433	3.70467	-24.4379	5.24592	-24.367	5.49367	3.10754	3.84401
-24.2651	5.64676	3.27935	3.59047	-24.1159	5.61152	-24.2095	5.68414	3.19464	3.77827
-24.0986	5.81114	3.39947	3.46768	-24.5638	4.75836	-24.0477	5.8713	3.27959	3.71127
-23.9245	5.9741	3.49719	3.35978	-23.9153	5.94377	-23.8818	6.05508	3.36239	3.64309
-23.7785	6.16337	3.46473	3.36984	-23.5491	6.44495	-23.7117	6.23542	3.44302	3.57383
-23.6096	6.32176	3.53904	3.27574	-23.6471	6.29102	-23.5377	6.41227	3.52148	3.50357
-23.459	6.50017	3.54299	3.25472	-23.7544	6.53746	-23.3598	6.58559	3.59775	3.4324
-23.2417	6.70225	3.66268	3.21255	-23.0099	6.86182	-23.1781	6.75533	3.67185	3.36041
-23.0456	6.84689	3.73426	3.11475	-22.7862	5.74143	-22.9928	6.92146	3.74376	3.28768
-22.8346	7.01325	3.83196	3.03603	-22.6991	7.063	-22.804	7.08393	3.8135	3.21431
-22.6235	7.14758	3.93873	2.902	-22.418	6.76159	-22.6117	7.24273	3.88106	3.14038
-22.4371	7.29603	3.98989	2.82459	-22.5083	7.31524	-22.4161	7.39782	3.94647	3.06598
-22.2111	7.41763	4.13745	2.6406	-22.0543	7.85452	-22.2173	7.54917	4.00974	2.99118
-22.0305	7.5802	4.16659	2.60447	-22.1947	7.69478	-22.0154	7.69679	4.07087	2.91607
-21.8469	7.74731	4.15154	2.6216	-21.6178	9.0351	-21.8105	7.84064	4.12989	2.84074
-21.6394	7.89047	4.20562	2.55282	-21.6473	7.94	-21.6026	7.98072	4.18681	2.76526
-21.4475	8.02692	4.21978	2.50481	-21.8637	7.78661	-21.392	8.11703	4.24166	2.68971
-21.2144	8.07751	4.30446	2.28232	-21.0853	7.83229	-21.1787	8.24957	4.29447	2.61417
-21.0218	8.23418	4.26471	2.33641	-20.5503	9.28616	-20.9628	8.37833	4.34526	2.53871
-20.8416	8.38546	4.26375	2.33147	-21.0519	8.50983	-20.7444	8.50333	4.39406	2.46341
-20.6039	8.49271	4.35954	2.19987	-19.9265	9.40847	-20.5237	8.62457	4.4409	2.38835
-20.36	8.62182	4.42953	2.13807	-20.21	8.68914	-20.3006	8.74206	4.48582	2.31358
-20.1597	8.75531	4.40163	2.1603	-20.2277	8.8532	-20.0753	8.85583	4.52884	2.23919
-19.9563	8.86197	4.41793	2.09227	-20.0633	8.86724	-19.848	8.96589	4.57001	2.16524
-19.7541	8.98675	4.39304	2.10684	-19.9264	8.78179	-19.6186	9.07227	4.60937	2.09179
-19.5281	9.0619	4.43495	1.98732	-19.4861	8.96665	-19.3873	9.17499	4.64694	2.01891
-19.2913	9.1665	4.48955	1.91273	-18.5719	10.2069	-19.1542	9.27409	4.68278	1.94666
-19.0123	9.24818	4.58256	1.79544	-18.6786	9.19191	-18.9193	9.36959	4.71692	1.8751
-18.7935	9.33477	4.60195	1.71747	-19.2825	8.98189	-18.6827	9.46154	4.7494	1.80429
-18.5427	9.43202	4.65224	1.65547	-18.4242	9.46852	-18.4446	9.54996	4.78028	1.73429
-18.2802	9.46056	4.74953	1.40821	-18.1634	8.72444	-18.2049	9.63492	4.80959	1.66514
-18.0014	9.57866	4.82225	1.38961	-17.7736	9.72478	-17.9639	9.71643	4.83737	1.59691
-17.7586	9.66548	4.82598	1.3747	-17.2296	9.97767	-17.7214	9.79457	4.86368	1.52964
-17.4898	9.77043	4.87856	1.35257	-17.3436	9.88109	-17.4777	9.86936	4.88856	1.46338
-17.2453	9.84207	4.90395	1.27612	-17.1554	10.212	-17.2328	9.94087	4.91205	1.39818
-16.9792	9.96347	4.94659	1.30052	-16.8876	10.145	-16.9868	10.0091	4.93421	1.33408
-16.7279	10.0252	4.97198	1.21568	-16.5958	10.1078	-16.7396	10.0743	4.95507	1.27113
-16.4794	10.1369	4.98968	1.23831	-16.5153	10.3091	-16.4915	10.1362	4.97469	1.20937
-16.2267	10.1993	5.01722	1.1545	-16.09	10.5824	-16.2424	10.1952	4.99311	1.14883
-15.9817	10.2377	5.02745	1.04628	-16.006	10.1843	-15.9924	10.2511	5.01039	1.08956
-15.7347	10.3013	5.02977	1.01393	-15.7234	10.41	-15.7416	10.3041	5.02655	1.03159
-15.4996	10.3102	5.02447	0.867796	-15.5699	10.1904	-15.4899	10.3543	5.04166	0.974957
-15.2143	10.3244	5.09597	0.666647	-14.2385	10.9109	-15.2376	10.4016	5.05576	0.919692
-14.9528	10.3836	5.11754	0.629051	-14.9365	10.4722	-14.9846	10.4462	5.06889	0.865828
-14.7044	10.423	5.09315	0.632943	-14.724	9.63507	-14.7309	10.4882	5.0811	0.813394
-14.4507	10.3995	5.09401	0.452752	-14.4088	10.222	-14.4766	10.5276	5.09243	0.762418
-14.1906	10.4252	5.10319	0.389712	-13.9005	10.5238	-14.2218	10.5645	5.10293	0.712926
-13.9	10.564	5.16156	0.541086	-13.8049	10.9383	-13.9665	10.5989	5.11263	0.664944
-13.6446	10.6257	5.1461	0.606493	-13.3956	10.7857	-13.7107	10.631	5.12159	0.618496
-13.3861	10.6316	5.15218	0.503634	-13.3556	10.5517	-13.4545	10.6608	5.12983	0.573603
-13.1241	10.657	5.16353	0.443437	-12.9374	10.8137	-13.1979	10.6884	5.13741	0.530288
-12.8685	10.7512	5.17189	0.527745	-12.9591	11.0099	-12.9409	10.7138	5.14436	0.48857
-12.6057	10.8012	5.17605	0.545163	-12.2518	11.2495	-12.6836	10.7373	5.15071	0.448467
-12.3583	10.777	5.16489	0.401172	-12.3713	10.6091	-12.426	10.7587	5.15651	0.409997
-12.0998	10.8165	5.16067	0.423431	-11.9352	10.9161	-12.1681	10.7783	5.16179	0.373177
-11.8501	10.8809	5.15892	0.464025	-11.9451	11.0515	-11.91	10.7961	5.16658	0.338022
-11.5763	10.9007	5.17854	0.419106	-10.9703	10.9676	-11.6516	10.8121	5.17092	0.304546
-11.338	10.9202	5.15985	0.378818	-11.4548	10.9407	-11.393	10.8265	5.17484	0.272761
-11.0749	10.8533	5.18786	0.0354098	-11.3472	10.5111	-11.1342	10.8394	5.17836	0.242681
-10.7883	10.8244	5.21029	-0.0912368	-10.6009	10.6823	-10.8753	10.8509	5.18153	0.214317
-10.5317	10.8209	5.20497	-0.154382	-10.6563	10.8369	-10.6161	10.8609	5.18435	0.187679
-10.2918	10.8196	5.18311	-0.20672	-10.4142	10.8747	-10.3569	10.8697	5.18687	0.162776
-10.0381	10.877	5.16794	-0.0347579	-9.90413	11.2255	-10.0976	10.8772	5.1891	0.139618
-9.77974	10.9206	5.17552	0.00628591	-9.83445	11.1032	-9.83809	10.8837	5.19106	0.118212
-9.53922	10.9078	5.15162	-0.0478936	-10.195	10.3498	-9.57852	10.8891	5.19278	0.0985664
-9.28086	10.9305	5.15654	-0.0413804	-9.3066	11.0348	-9.31887	10.8936	5.19428	0.0806865
-9.02877	10.9155	5.14417	-0.082539	-9.2226	10.3527	-9.05915	10.8972	5.19557	0.0645787
-8.7686	10.9424	5.15221	-0.0612096	-8.78899	11.0707	-8.79937	10.9001	5.19667	0.050248
-8.52063	10.905	5.1344	-0.152851	-8.83914	10.0319	-8.53953	10.9023	5.19759	0.0376992
-8.33075	10.836	5.04796	-0.3002	-8.62045	10.6577	-8.27965	10.9039	5.19835	0.0269359
-8.07514	10.852	5.05041	-0.244614	-7.91543	11.1157	-8.01974	10.905	5.19896	0.0179617
-7.7673	10.8815	5.1174	-0.20131	-7.51971	11.0005	-7.75979	10.9057	5.19942	0.0107791
-7.50407	10.8833	5.12049	-0.161229	-7.25987	10.6458	-7.49981	10.9061	5.19975	0.00539029
-7.23512	10.8664	5.13258	-0.200737	-7.15631	10.815	-7.23983	10.9063	5.19994	0.00179692
