0	0
0	73.5871
0.218958	73.5871
0.218958	1.82768
0.163692	1.82768
0.163692	6.88895
0.243457	6.88895
0.243457	5.01684
0.00377844	5.01684
0.00377844	0.139573
1.05354	0.139573
1.05354	1.49933
2.33425	1.49933
2.33425	3.96895
0.300722	3.96895
0.300722	1.55226
11.2736	1.55226
11.2736	0.982235
3.14749	0.982235
3.14749	1.93281
1.84943	1.93281
1.84943	3.38782
3.49341	3.38782
3.49341	0.216232
0.220991	0.216232
0.220991	1.82059
2.24187	1.82059
2.24187	5.42008
0.613219	5.42008
0.613219	2.14701
0.239081	2.14701
0.239081	6.26053
0.43755	6.26053
0.43755	6.77602
0.687129	6.77602
0.687129	3.97796
1.98253	3.97796
1.98253	3.94056
1.03509	3.94056
1.03509	2.22086
2.19521	2.22086
2.19521	3.01524
2.59202	3.01524
2.59202	0.66122
0.263569	0.66122
0.263569	1.437
0.703896	1.437
0.703896	0.561298
3.29498	0.561298
3.29498	2.45386
2.26304	2.45386
2.26304	10.0567
1.09994	10.0567
1.09994	0.0901572
0.311609	0.0901572
0.311609	1.5604
2.70577	1.5604
2.70577	3.18561
0.520744	3.18561
0.520744	2.28694
0.206937	2.28694
0.206937	1.303
0.502593	1.303
0.502593	1.3168
0.179035	1.3168
0.179035	0.818439
0.505333	0.818439
0.505333	2.70367
0.339635	2.70367
0.339635	1.72949
0.145943	1.72949
0.145943	2.83559
1.47469	2.83559
1.47469	0.487461
1.09033	0.487461
1.09033	0.974209
0.792048	0.974209
0.792048	0.223645
1.50596	0.223645
1.50596	0.737357
3.25162	0.737357
3.25162	3.78571
2.16644	3.78571
2.16644	0.331149
1.23723	0.331149
1.23723	2.13318
2.90039	2.13318
2.90039	0.422135
3.7409	0.422135
3.7409	1.0222
3.54135	1.0222
3.54135	1.94414
1.22461	1.94414
1.22461	7.66998
0.95037	7.66998
0.95037	2.10248
2.06312	2.10248
2.06312	4.87883
0.161427	4.87883
0.161427	8.20437
5.82025	8.20437
5.82025	4.69636
0.682699	4.69636
0.682699	2.52111
2.40669	2.52111
2.40669	2.19383
0.912493	2.19383
0.912493	1.33481
1.47323	1.33481
1.47323	0.784301
0.39528	0.784301
0.39528	1.32253
0.936514	1.32253
0.936514	3.3315
2.28253	3.3315
2.28253	6.96615
3.25543	6.96615
3.25543	1.47079
0.25053	1.47079
0.25053	1.95755
0.33095	1.95755
0.33095	0.216287
0.531591	0.216287
0.531591	5.97346
2.11708	5.97346
2.11708	6.27544
3.71071	6.27544
3.71071	1.19123
0.944799	1.19123
0.944799	3.12412
0.942843	3.12412
0.942843	6.25714
0.729786	6.25714
0.729786	1.95107
0.169955	1.95107
0.169955	2.96102
2.87642	2.96102
2.87642	3.25649
0.796957	3.25649
0.796957	9.98525
0.726917	9.98525
0.726917	3.3404
1.03613	3.3404
1.03613	5.31437
1.92925	5.31437
1.92925	2.42014
0.556357	2.42014
0.556357	1.16473
0.68907	1.16473
0.68907	0.131392
1.38872	0.131392
1.38872	1.42044
0.173813	1.42044
0.173813	2.28086
2.11063	2.28086
2.11063	2.64064
0.199177	2.64064
0.199177	0.90168
1.66452	0.90168
1.66452	1.03046
0.557758	1.03046
0.557758	4.07453
0.220563	4.07453
0.220563	5.50394
3.72999	5.50394
3.72999	1.07372
1.49065	1.07372
1.49065	0.996591
0.610879	0.996591
0.610879	1.72382
2.70002	1.72382
2.70002	4.71685
2.84335	4.71685
2.84335	0.157864
0.0632426	0.157864
0.0632426	3.34967
2.17755	3.34967
2.17755	0.266191
0.0515982	0.266191
0.0515982	0.580505
0.108747	0.580505
0.108747	3.05515
0.152283	3.05515
0.152283	1.55382
2.37241	1.55382
2.37241	1.79378
2.03495	1.79378
2.03495	4.70215
0.446067	4.70215
0.446067	1.61904
1.01794	1.61904
1.01794	1.09943
1.01133	1.09943
1.01133	6.78262
3.54879	6.78262
3.54879	3.44552
1.01169	3.44552
1.01169	2.27885
6.18507	2.27885
6.18507	2.4402
0.0251142	2.4402
0.0251142	2.35771
0.495015	2.35771
0.495015	4.44815
2.29944	4.44815
2.29944	0.430692
1.19665	0.430692
1.19665	2.6017
0.536319	2.6017
0.536319	0.871117
1.32924	0.871117
1.32924	2.22564
1.21807	2.22564
1.21807	2.09054
0.42923	2.09054
0.42923	1.74725
4.16592	1.74725
4.16592	0.375624
1.44263	0.375624
1.44263	1.62598
3.20823	1.62598
3.20823	3.12933
0.649509	3.12933
0.649509	3.36375
0.420523	3.36375
0.420523	2.63604
3.43757	2.63604
3.43757	1.574
0.998599	1.574
0.998599	2.71535
0.504199	2.71535
0.504199	1.24294
2.27957	1.24294
2.27957	0.698092
1.00542	0.698092
1.00542	2.12913
3.88202	2.12913
3.88202	2.1258
0.0471384	2.1258
0.0471384	2.32058
1.23887	2.32058
1.23887	5.45514
0.711904	5.45514
0.711904	4.37235
0.210383	4.37235
0.210383	2.291
2.32808	2.291
2.32808	2.93393
0.153004	2.93393
0.153004	4.21179
2.05095	4.21179
2.05095	1.69914
0.584926	1.69914
0.584926	0.655433
1.81488	0.655433
1.81488	1.5545
1.54102	1.5545
1.54102	1.97356
1.1333	1.97356
1.1333	3.97314
0.0251429	3.97314
0.0251429	0.511792
1.31002	0.511792
1.31002	0.354221
0.467605	0.354221
0.467605	3.62828
1.23654	3.62828
1.23654	0.0770735
5.49274	0.0770735
5.49274	1.22651
3.78838	1.22651
3.78838	5.82739
1.58689	5.82739
1.58689	5.74577
1.54068	5.74577
1.54068	3.08608
1.64282	3.08608
1.64282	4.99081
2.41271	4.99081
2.41271	3.18407
0.926487	3.18407
0.926487	2.35354
0.636158	2.35354
0.636158	3.37752
0.268706	3.37752
0.268706	0.841358
2.98312	0.841358
2.98312	0.335969
1.41607	0.335969
1.41607	4.43859
4.31933	4.43859
4.31933	0.486764
0.736419	0.486764
0.736419	0.449098
1.27508	0.449098
1.27508	1.78491
0.21094	1.78491
0.21094	2.94619
1.99693	2.94619
1.99693	0.299573
0.0508118	0.299573
0.0508118	4.96273
3.27664	4.96273
3.27664	1.3468
1.05392	1.3468
1.05392	6.90628
0.661833	6.90628
0.661833	0.660827
3.79899	0.660827
3.79899	1.46003
3.38014	1.46003
3.38014	1.37317
3.49633	1.37317
3.49633	1.5677
2.66884	1.5677
2.66884	0.812132
0.230981	0.812132
0.230981	2.83223
1.3758	2.83223
1.3758	1.24877
4.17414	1.24877
4.17414	2.57891
1.41217	2.57891
1.41217	2.78539
1.80369	2.78539
1.80369	2.72704
1.02354	2.72704
1.02354	0.466415
1.6185	0.466415
1.6185	4.53518
5.34786	4.53518
5.34786	1.9284
2.03822	1.9284
2.03822	2.07091
0.52665	2.07091
0.52665	4.73665
1.55048	4.73665
1.55048	8.17107
0.509631	8.17107
0.509631	1.66541
0.169435	1.66541
0.169435	0.389291
2.03287	0.389291
2.03287	1.75374
0.285489	1.75374
0.285489	3.81269
3.12671	3.81269
3.12671	0.890924
0.801624	0.890924
0.801624	4.71615
14.8769	4.71615
14.8769	1.55751
0.982395	1.55751
0.982395	2.62094
0.996535	2.62094
0.996535	2.00161
0.923354	2.00161
0.923354	5.71299
0.0340714	5.71299
0.0340714	2.51517
1.66277	2.51517
1.66277	0.683447
5.96656	0.683447
5.96656	2.53956
1.91465	2.53956
1.91465	2.56483
0.987173	2.56483
0.987173	0.823543
2.56987	0.823543
2.56987	1.96113
2.69668	1.96113
2.69668	3.46105
5.35701	3.46105
5.35701	0.313486
2.92262	0.313486
2.92262	1.80193
0.37966	1.80193
0.37966	1.04048
0.602789	1.04048
0.602789	5.6301
0.441969	5.6301
0.441969	0.165096
0.670196	0.165096
0.670196	11.4991
1.59559	11.4991
1.59559	2.3494
3.94473	2.3494
3.94473	0.0243789
1.40809	0.0243789
1.40809	2.31765
5.80011	2.31765
5.80011	1.52165
0.89418	1.52165
0.89418	1.93516
1.30493	1.93516
1.30493	1.73203
0.0081683	1.73203
0.0081683	5.10275
0.803605	5.10275
0.803605	2.35579
2.48465	2.35579
2.48465	2.74283
1.09776	2.74283
1.09776	1.84332
2.4036	1.84332
2.4036	5.85957
0.52426	5.85957
0.52426	8.42176
0.705716	8.42176
0.705716	0.663098
0.773239	0.663098
0.773239	0.373746
0.210172	0.373746
0.210172	3.1373
1.45045	3.1373
1.45045	2.0974
0.342264	2.0974
0.342264	1.10214
3.56782	1.10214
3.56782	0.539754
2.22348	0.539754
2.22348	9.06593
0.381979	9.06593
0.381979	2.31758
1.03974	2.31758
1.03974	0.775715
1.16446	0.775715
1.16446	2.96585
0.015053	2.96585
0.015053	4.40201
0.0433338	4.40201
0.0433338	1.15713
4.29573	1.15713
4.29573	5.58944
0.908781	5.58944
0.908781	1.97643
0.34263	1.97643
0.34263	2.18951
2.08972	2.18951
2.08972	5.64985
0.0365416	5.64985
0.0365416	1.52178
4.73264	1.52178
4.73264	4.98444
2.85081	4.98444
2.85081	5.37818
1.3279	5.37818
1.3279	1.07086
0.576224	1.07086
0.576224	0.479162
0.765171	0.479162
0.765171	4.99252
6.22845	4.99252
6.22845	1.71408
0.633969	1.71408
0.633969	5.06525
2.36928	5.06525
2.36928	3.12014
0.308048	3.12014
0.308048	0.338029
0.281331	0.338029
0.281331	0.0421829
1.09886	0.0421829
1.09886	0.396856
1.75391	0.396856
1.75391	0.239736
1.982	0.239736
1.982	7.2974
0.272327	7.2974
0.272327	6.56802
1.78759	6.56802
1.78759	0.608932
7.98138	0.608932
7.98138	0.770195
0.935352	0.770195
0.935352	0.576241
3.50498	0.576241
3.50498	1.05047
2.45455	1.05047
2.45455	0.241575
1.79775	0.241575
1.79775	2.82294
0.805472	2.82294
0.805472	7.7251
2.64256	7.7251
2.64256	0.827652
1.01367	0.827652
1.01367	6.6947
2.06223	6.6947
2.06223	3.82322
0.788212	3.82322
0.788212	2.42146
1.09541	2.42146
1.09541	6.35446
3.56834	6.35446
3.56834	1.49831
6.75746	1.49831
6.75746	1.5455
0.658595	1.5455
