0.201778	0.385989	0	0	0.201778	0.385989	0.359997	0.600041	-4.80025	0.0016588
0.218589	0.679541	0.000838692	-1.04571e-20	0.218966	0.686146	0.119984	0.600207	-4.80057	0.00497648
-0.0989839	0.761074	0.955276	0.00273254	-0.0814087	0.49792	-0.120044	0.600581	-4.801	0.00995308
-0.13316	0.64879	0.717394	-0.0778925	-0.306645	0.557228	-0.360093	0.601244	-4.80155	0.0165887
-0.554329	0.715691	0.319946	2.2241	-0.423231	0.382203	-0.60017	0.602281	-4.80221	0.0248832
-0.591725	0.725188	-0.86857	1.71335	-0.920801	0.498185	-0.840279	0.603774	-4.80296	0.0348368
-1.05536	0.814899	-0.722465	-2.61159	-0.999175	0.569138	-1.08042	0.605806	-4.8038	0.0464493
-1.0832	0.679195	-0.524533	-2.6702	-1.21709	0.564086	-1.32061	0.608459	-4.80472	0.0597206
-1.29969	0.539652	-2.23527	0.553805	-1.31575	0.565548	-1.56084	0.611818	-4.8057	0.0746505
-1.41454	0.573634	-2.23143	0.630386	-1.46626	0.627215	-1.80112	0.615965	-4.80673	0.0912385
-1.65418	0.608138	-3.08329	1.12488	-1.76309	0.586975	-2.04145	0.620982	-4.80778	0.109484
-1.83876	0.691371	-3.11853	1.41168	-2.28461	0.787442	-2.28182	0.626953	-4.80884	0.129387
-2.10899	0.557938	-3.74987	-0.333442	-2.50204	0.4664	-2.52225	0.63396	-4.80989	0.150946
-2.33815	0.606123	-3.91811	-0.0854394	-2.7473	0.847233	-2.76273	0.642086	-4.81089	0.174159
-2.60374	0.661303	-4.14891	0.268354	-3.65705	0.865703	-3.00325	0.651414	-4.81184	0.199026
-2.86462	0.718178	-4.27165	0.433955	-3.30883	0.881059	-3.24381	0.662026	-4.8127	0.225545
-3.13029	0.662412	-4.41695	-0.0659774	-3.47146	0.613185	-3.48441	0.674004	-4.81344	0.253712
-3.40536	0.582778	-4.47484	-0.646729	-3.76347	0.400296	-3.72504	0.687432	-4.81403	0.283526
-3.65332	0.666275	-4.58226	-0.0746323	-3.79537	0.758312	-3.9657	0.702391	-4.81445	0.314984
-3.95961	0.591203	-4.68757	-0.553112	-4.43196	0.438228	-4.20636	0.718963	-4.81465	0.348081
-4.21322	0.59128	-4.73614	-0.481387	-4.35973	0.613548	-4.44703	0.73723	-4.81461	0.382812
-4.4838	0.656356	-4.7981	-0.171293	-4.72477	0.881914	-4.68769	0.757274	-4.81428	0.419174
-4.72079	0.741229	-4.79372	0.219435	-4.42669	0.850619	-4.92832	0.779176	-4.81363	0.45716
-5.00709	0.734957	-4.86258	0.131501	-5.28802	0.714213	-5.1689	0.803017	-4.81263	0.496763
-5.27815	0.703872	-4.91786	-0.0197088	-5.47463	0.612257	-5.40943	0.828877	-4.81122	0.537976
-5.52331	0.816327	-4.89561	0.387929	-5.5629	1.05194	-5.64986	0.856837	-4.80937	0.580791
-5.76391	0.920062	-4.83926	0.693953	-6.29502	1.26514	-5.8902	0.886977	-4.80703	0.625197
-5.98902	0.935161	-4.82455	0.66697	-5.88309	0.886	-6.1304	0.919375	-4.80415	0.671184
-6.23878	0.970318	-4.85102	0.706623	-5.95255	0.944273	-6.37044	0.954111	-4.8007	0.718741
-6.52245	0.959339	-4.91089	0.581263	-6.75307	0.884443	-6.61028	0.991262	-4.79662	0.767854
-6.76699	0.987295	-4.91407	0.600062	-6.62052	0.961843	-6.84991	1.03091	-4.79187	0.818509
-7.02001	1.0861	-4.89591	0.821192	-7.10876	1.23352	-7.08928	1.07312	-4.78638	0.87069
-7.27654	1.07554	-4.91745	0.702563	-7.52937	0.8358	-7.32835	1.11798	-4.78012	0.92438
-7.52648	1.12285	-4.91521	0.758601	-7.56319	1.15044	-7.56709	1.16556	-4.77304	0.979561
-7.75043	1.1635	-4.88488	0.795048	-7.25187	1.11533	-7.80545	1.21593	-4.76506	1.03621
-7.99589	1.19573	-4.88473	0.800601	-8.00209	1.17936	-8.04339	1.26918	-4.75615	1.09431
-8.22928	1.30596	-4.84941	1.00822	-8.07459	1.74513	-8.28085	1.32536	-4.74625	1.15383
-8.4729	1.33976	-4.85	1.00117	-8.47207	1.30248	-8.51779	1.38455	-4.7353	1.21475
-8.69767	1.38634	-4.78759	1.0261	-8.95167	1.35495	-8.75416	1.44681	-4.72324	1.27704
-8.93685	1.48261	-4.7637	1.16606	-8.97275	1.58275	-8.98989	1.51223	-4.71002	1.34067
-9.1708	1.51173	-4.77494	1.13552	-8.71353	1.22502	-9.22493	1.58085	-4.69558	1.40561
-9.43284	1.52797	-4.80545	1.06994	-9.55672	1.45188	-9.45921	1.65276	-4.67987	1.47183
-9.6805	1.53769	-4.82979	0.99459	-9.55852	1.10142	-9.69268	1.728	-4.66282	1.53929
-9.94865	1.66485	-4.82915	1.19092	-10.1925	1.86579	-9.92526	1.80665	-4.64437	1.60795
-10.1729	1.79221	-4.76894	1.38183	-10.0357	2.49884	-10.1569	1.88875	-4.62448	1.67776
-10.3807	1.88838	-4.71261	1.48832	-10.2047	1.92272	-10.3875	1.97438	-4.60307	1.7487
-10.6306	1.9743	-4.72832	1.55199	-10.746	2.16649	-10.6169	2.06357	-4.58009	1.82071
-10.8663	2.03049	-4.7235	1.54755	-10.8445	1.97723	-10.8452	2.15639	-4.55549	1.89375
-11.0926	2.12698	-4.69495	1.63242	-10.8211	2.33578	-11.0722	2.25288	-4.52921	1.96776
-11.2834	2.27815	-4.59552	1.83725	-11.0683	2.3968	-11.2979	2.35309	-4.50118	2.04269
-11.5211	2.3662	-4.59274	1.87644	-11.6414	2.33697	-11.5221	2.45707	-4.47136	2.11849
-11.7509	2.50656	-4.54619	2.0267	-11.81	2.61859	-11.7448	2.56486	-4.43968	2.1951
-11.9973	2.61888	-4.56335	2.0919	-12.1673	2.93299	-11.9658	2.6765	-4.4061	2.27246
-12.231	2.75196	-4.52841	2.20429	-12.3079	2.82794	-12.1851	2.79202	-4.37055	2.35051
-12.4685	2.84199	-4.52905	2.21194	-12.6907	2.51318	-12.4026	2.91145	-4.333	2.42918
-12.6772	3.00774	-4.44756	2.38601	-12.6407	3.12177	-12.6182	3.03483	-4.29338	2.5084
-12.8996	3.13721	-4.41749	2.46196	-12.8479	3.34065	-12.8317	3.16218	-4.25165	2.5881
-13.0941	3.31756	-4.31303	2.64548	-13.0124	3.4261	-13.0431	3.29353	-4.20776	2.66821
-13.2882	3.4431	-4.24982	2.70162	-12.7477	3.16125	-13.2522	3.42888	-4.16167	2.74865
-13.4759	3.5873	-4.17211	2.78953	-13.3393	3.57168	-13.459	3.56827	-4.11333	2.82935
-13.6986	3.74808	-4.14408	2.88536	-13.9985	4.35452	-13.6633	3.71169	-4.0627	2.91022
-13.9049	3.8628	-4.12078	2.88982	-13.8581	3.77748	-13.865	3.85915	-4.00974	2.99118
-14.0953	4.03685	-4.02743	3.01581	-13.9436	4.59359	-14.064	4.01066	-3.95441	3.07214
-14.2875	4.19457	-3.96359	3.094	-14.2501	4.19728	-14.2602	4.16622	-3.89669	3.15303
-14.5043	4.36041	-3.92931	3.17102	-15.1095	4.72468	-14.4535	4.32581	-3.83653	3.23373
-14.6869	4.55534	-3.83303	3.30496	-14.6748	4.63724	-14.6436	4.48943	-3.77392	3.31417
-14.8799	4.72376	-3.77712	3.37335	-14.98	4.78418	-14.8306	4.65706	-3.70883	3.39425
-15.0325	4.90048	-3.66332	3.4632	-14.8394	4.85714	-15.0143	4.82869	-3.64123	3.47388
-15.2067	5.06796	-3.58802	3.52155	-15.1197	4.75476	-15.1945	5.00428	-3.5711	3.55294
-15.3899	5.26449	-3.51719	3.61723	-15.4595	5.33623	-15.3712	5.1838	-3.49844	3.63135
-15.5406	5.47474	-3.36219	3.74913	-15.4323	6.03152	-15.5441	5.36723	-3.42323	3.70901
-15.749	5.59803	-3.40096	3.68941	-15.8636	5.46187	-15.7133	5.55452	-3.34546	3.78581
-15.9126	5.76745	-3.33828	3.72498	-15.7856	5.16246	-15.8785	5.74562	-3.26513	3.86164
-16.0496	5.95832	-3.2254	3.80089	-15.899	5.91441	-16.0396	5.94048	-3.18223	3.9364
-16.2046	6.14768	-3.12617	3.86621	-16.4427	5.87663	-16.1965	6.13906	-3.09679	4.00999
-16.3409	6.37784	-2.99694	3.98819	-16.3132	6.46809	-16.3491	6.34128	-3.00879	4.08229
-16.4731	6.55749	-2.88168	4.0282	-16.473	5.43254	-16.4972	6.54708	-2.91826	4.1532
-16.6368	6.74308	-2.84585	4.053	-16.7212	6.72454	-16.6407	6.75639	-2.82522	4.22261
-16.7886	6.94979	-2.79431	4.10523	-16.8737	7.23338	-16.7795	6.96912	-2.72968	4.29042
-16.9841	7.16609	-2.80231	4.15199	-17.312	7.32125	-16.9135	7.18521	-2.63167	4.3565
-17.097	7.39418	-2.63552	4.25066	-16.9134	7.89837	-17.0425	7.40456	-2.53122	4.42077
-17.1948	7.65013	-2.46568	4.37426	-17.1166	7.75043	-17.1665	7.62707	-2.42838	4.4831
-17.329	7.85142	-2.43265	4.38874	-17.3858	7.23331	-17.2852	7.85264	-2.32317	4.54339
-17.4512	8.02038	-2.38345	4.36362	-17.3617	7.8192	-17.3986	8.08118	-2.21565	4.60153
-17.5516	8.2583	-2.24329	4.44356	-17.2143	9.0337	-17.5066	8.31257	-2.10586	4.65742
-17.6935	8.47601	-2.21181	4.47116	-17.8436	8.51915	-17.6091	8.54669	-1.99386	4.71095
-17.7626	8.69862	-2.01085	4.53118	-17.5099	8.1616	-17.7059	8.78343	-1.87971	4.76202
-17.8326	8.96564	-1.83759	4.63168	-17.7757	9.07777	-17.797	9.02267	-1.76348	4.81052
-17.8947	9.21979	-1.61461	4.71277	-17.8359	9.90657	-17.8822	9.26426	-1.64522	4.85637
-17.9052	9.51519	-1.3365	4.83162	-17.7006	9.64203	-17.9614	9.50807	-1.52502	4.89946
-17.9635	9.76824	-1.18391	4.87932	-17.8028	10.3244	-18.0346	9.75398	-1.40296	4.9397
-18.0467	9.9958	-1.11359	4.88767	-18.1418	9.9702	-18.1016	10.0018	-1.27911	4.97699
-18.1259	10.2203	-1.04925	4.88925	-19.0447	8.88465	-18.1624	10.2515	-1.15357	5.01125
-18.1289	10.4823	-0.829862	4.93609	-17.949	10.4783	-18.2169	10.5027	-1.02642	5.04239
-18.219	10.7169	-0.888252	4.93627	-18.4785	10.383	-18.265	10.7555	-0.897764	5.07032
-18.2712	10.9204	-0.812737	4.90538	-18.2427	10.7283	-18.3066	11.0095	-0.767697	5.09498
-18.3093	11.1654	-0.683677	4.92216	-18.592	11.0156	-18.3417	11.2647	-0.636323	5.11627
-18.2992	11.4906	-0.458236	5.02479	-18.2521	11.808	-18.3702	11.5209	-0.503751	5.13414
-18.3395	11.7424	-0.397225	5.03607	-18.5573	11.765	-18.392	11.778	-0.370091	5.14852
-18.3655	11.9897	-0.298293	5.03927	-18.3979	11.9824	-18.4072	12.0356	-0.235457	5.15934
-18.4044	12.2362	-0.303845	5.04316	-18.2756	12.0095	-18.4156	12.2937	-0.099968	5.16654
-18.4362	12.4975	-0.231584	5.05845	-18.5334	12.5747	-18.4171	12.552	0.0362564	5.17007
-18.4453	12.7602	-0.124776	5.07288	-18.1665	13.4543	-18.4119	12.8105	0.173093	5.16989
-18.4506	13.0353	-0.0174099	5.09782	-18.4912	13.149	-18.3998	13.0688	0.310414	5.16594
-18.4251	13.279	0.193185	5.07518	-18.9473	12.4856	-18.3809	13.3269	0.448093	5.1582
-18.3735	13.5666	0.391258	5.10099	-18.2622	13.6861	-18.355	13.5845	0.585998	5.14663
-18.3606	13.8356	0.491239	5.10815	-18.1306	14.7596	-18.3223	13.8414	0.723997	5.1312
-18.318	14.0999	0.63928	5.10278	-18.2698	14.1282	-18.2826	14.0974	0.861956	5.11189
-18.2743	14.3617	0.818294	5.08276	-18.3678	14.848	-18.2361	14.3524	0.999739	5.08868
-18.2237	14.5974	0.950983	5.04087	-18.1737	14.4943	-18.1827	14.6061	1.13721	5.06157
-18.1465	14.8537	1.20099	4.99193	-18.1394	15.4391	-18.1224	14.8584	1.27423	5.03055
-18.0636	15.1206	1.37482	4.97056	-18.0078	15.1957	-18.0553	15.1091	1.41067	4.99562
-18.0075	15.3774	1.43357	4.96296	-17.4962	15.9091	-17.9814	15.3578	1.54638	4.95679
-17.9277	15.6207	1.56951	4.91869	-17.9036	15.5953	-17.9007	15.6046	1.68122	4.91408
-17.8524	15.857	1.643	4.88497	-17.8307	15.1843	-17.8133	15.8491	1.81507	4.8675
-17.758	16.0915	1.77909	4.83007	-17.7118	16.0351	-17.7192	16.0912	1.94777	4.81708
-17.7272	16.3425	1.69892	4.85457	-18.7022	15.56	-17.6185	16.3307	2.0792	4.76286
-17.5724	16.5881	1.91974	4.79854	-17.3057	16.5441	-17.5113	16.5674	2.20923	4.70486
-17.4225	16.8006	2.19746	4.66412	-17.2848	16.3539	-17.3977	16.8011	2.33771	4.64314
-17.3146	17.0394	2.30881	4.6162	-17.3409	17.0829	-17.2776	17.0316	2.46452	4.57774
-17.1573	17.2529	2.58723	4.46447	-17.3363	17.2838	-17.1512	17.2588	2.58952	4.50871
-17.0235	17.5089	2.71947	4.42711	-17.0467	17.6995	-17.0187	17.4824	2.71259	4.43613
-16.8631	17.7137	2.90422	4.30296	-16.7259	17.405	-16.88	17.7023	2.83361	4.36005
-16.7329	17.9298	3.00292	4.22795	-16.8092	17.9605	-16.7354	17.9184	2.95245	4.28054
-16.5763	18.1367	3.12119	4.14051	-16.294	18.1023	-16.5848	18.1303	3.069	4.19769
-16.4029	18.2966	3.26433	3.98349	-16.3146	18.044	-16.4285	18.3381	3.18313	4.11157
-16.2597	18.5028	3.30603	3.94107	-16.6234	18.1814	-16.2665	18.5415	3.29475	4.02228
-16.0876	18.7017	3.42245	3.84908	-16.0729	18.7231	-16.0991	18.7403	3.40374	3.9299
-15.9062	18.8908	3.54933	3.73842	-15.5341	19.1726	-15.9262	18.9344	3.50999	3.83452
-15.7206	19.1079	3.66153	3.6753	-15.7147	19.2819	-15.7481	19.1237	3.61342	3.73626
-15.5324	19.2842	3.78566	3.54553	-15.8172	19.1796	-15.5649	19.308	3.71392	3.63521
-15.3529	19.4826	3.86827	3.47369	-15.4174	19.6167	-15.3767	19.4872	3.8114	3.53148
-15.1457	19.643	4.01039	3.31119	-15.1705	19.6712	-15.1838	19.6612	3.90579	3.42518
-14.9351	19.838	4.11651	3.23116	-14.9167	20.0068	-14.9862	19.8297	3.99699	3.31643
-14.747	19.998	4.18611	3.11814	-16.2753	19.2089	-14.7841	19.9928	4.08495	3.20535
-14.581	20.1399	4.21602	3.00324	-14.7756	20.1032	-14.5777	20.1503	4.16958	3.09206
-14.3801	20.2893	4.25566	2.92718	-14.8586	19.6043	-14.3671	20.302	4.25082	2.97668
-14.1463	20.4453	4.3594	2.81656	-14.0673	20.5034	-14.1526	20.448	4.32862	2.85933
-13.9191	20.5731	4.45364	2.66472	-13.8455	20.4367	-13.9342	20.588	4.40292	2.74015
-13.7206	20.7135	4.49421	2.56673	-13.8405	20.7784	-13.7123	20.722	4.47367	2.61927
-13.4909	20.8318	4.57776	2.4138	-13.606	20.7507	-13.4868	20.8499	4.54085	2.49681
-13.2517	20.9538	4.6554	2.28498	-13.2142	20.9737	-13.2582	20.9717	4.6044	2.37291
-13.0093	21.067	4.71978	2.16621	-12.0825	21.3646	-13.0264	21.0872	4.6643	2.2477
-12.7587	21.2009	4.79466	2.07203	-12.7118	21.3432	-12.7917	21.1965	4.72053	2.12131
-12.5302	21.3197	4.8106	2.02085	-12.6946	21.2291	-12.5543	21.2994	4.77306	1.99388
-12.2651	21.4387	4.88918	1.91821	-12.1679	21.5349	-12.3143	21.3959	4.8219	1.86555
-12.0052	21.5173	4.96157	1.74514	-11.2552	21.6205	-12.072	21.486	4.86702	1.73644
-11.794	21.624	4.96297	1.66636	-11.9786	21.7567	-11.8276	21.5696	4.90844	1.60668
-11.5437	21.7066	5.0031	1.54792	-11.3033	21.7891	-11.5811	21.6467	4.94615	1.47643
-11.2713	21.7476	5.06359	1.35502	-11.1569	21.5707	-11.3329	21.7173	4.98017	1.34579
-11.0283	21.8243	5.07704	1.27069	-11.6156	21.6417	-11.083	21.7813	5.01051	1.21491
-10.7865	21.8438	5.08966	1.0781	-10.8239	21.6462	-10.8317	21.8388	5.03719	1.08391
-10.5241	21.8878	5.1333	0.898269	-10.0557	22.2319	-10.5792	21.8898	5.06025	0.952912
-10.2558	21.9243	5.16715	0.746413	-10.2017	21.894	-10.3256	21.9341	5.07971	0.822051
-9.99034	21.9387	5.191	0.563196	-9.88122	21.5481	-10.0711	21.972	5.09561	0.691445
-9.73754	21.964	5.1973	0.422644	-9.77038	21.9721	-9.81592	22.0033	5.10799	0.561215
-9.47476	21.9702	5.21122	0.238161	-9.4822	21.8931	-9.56019	22.0282	5.11691	0.431476
-9.24575	22.0062	5.18924	0.146878	-9.41029	22.1647	-9.3041	22.0465	5.1224	0.302344
-8.98458	21.9979	5.19264	-0.0371404	-9.05214	21.8671	-9.04782	22.0584	5.12453	0.17393
-8.7104	22.0135	5.2113	-0.152842	-8.65675	22.1083	-8.79151	22.0639	5.12336	0.046341
-8.45138	21.9924	5.20699	-0.386791	-8.60582	22.4381	-8.53534	22.0631	5.11895	-0.0803171
-8.17271	21.9985	5.22332	-0.496453	-8.108	22.1304	-8.27947	22.0559	5.11137	-0.205944
-7.9067	21.9906	5.21926	-0.607511	-7.07631	22.599	-8.02405	22.0425	5.10068	-0.330441
-7.6627	21.9831	5.19169	-0.709214	-7.76	22.1292	-7.76924	22.0229	5.08697	-0.453715
-7.40714	21.9297	5.16021	-0.935568	-7.67843	22.0828	-7.51519	21.9971	5.07031	-0.575677
-7.16928	21.8959	5.11598	-1.05862	-7.2723	21.9974	-7.26204	21.9653	5.05078	-0.696241
-6.90959	21.8474	5.0915	-1.18533	-6.434	22.0079	-7.00994	21.9275	5.02847	-0.815324
-6.71142	21.7823	4.99227	-1.3332	-6.96025	21.824	-6.75902	21.8838	5.00346	-0.932849
-6.47387	21.7504	4.96153	-1.33327	-7.61343	21.5459	-6.50942	21.8342	4.97584	-1.04874
-6.28242	21.6868	4.86393	-1.45461	-6.53769	21.7748	-6.26126	21.7789	4.94569	-1.16294
-6.03057	21.6302	4.85078	-1.46614	-5.6148	21.2147	-6.01466	21.7179	4.91312	-1.27537
-5.79827	21.5761	4.81247	-1.54836	-5.86181	21.6984	-5.76976	21.6513	4.87822	-1.38597
-5.56564	21.4981	4.76192	-1.69478	-5.92345	21.8491	-5.52665	21.5793	4.84107	-1.49469
-5.30603	21.4435	4.7602	-1.75752	-5.2419	21.5904	-5.28546	21.5018	4.80178	-1.60148
-5.0473	21.3686	4.75272	-1.82538	-3.33441	21.6774	-5.04628	21.4191	4.76045	-1.70628
-4.81684	21.3131	4.71993	-1.87225	-4.88396	21.5199	-4.80922	21.3312	4.71717	-1.80906
-4.58284	21.2348	4.69762	-1.87462	-5.29911	20.7449	-4.57436	21.2382	4.67204	-1.90978
-4.3029	21.233	4.75463	-1.80609	-4.20854	21.6781	-4.34181	21.1401	4.62517	-2.0084
-4.05193	21.1596	4.74926	-1.83959	-3.1589	21.4431	-4.11165	21.0373	4.57664	-2.10489
-3.88235	21.0297	4.61936	-1.9932	-4.1265	20.9097	-3.88395	20.9296	4.52656	-2.19922
-3.66287	20.8887	4.52828	-2.22633	-3.56887	20.8741	-3.65879	20.8173	4.47504	-2.29137
-3.43022	20.7384	4.46868	-2.3827	-3.36091	20.5346	-3.43624	20.7004	4.42216	-2.38133
-3.21511	20.6246	4.41542	-2.45292	-3.91178	20.5601	-3.21637	20.5791	4.36803	-2.46907
-2.96633	20.5079	4.40309	-2.53152	-2.85438	20.5218	-2.99923	20.4534	4.31275	-2.5546
-2.72099	20.3965	4.40741	-2.54709	-1.29645	20.3141	-2.78489	20.3235	4.2564	-2.63789
-2.53035	20.2487	4.30947	-2.66705	-2.62511	20.1777	-2.57339	20.1895	4.1991	-2.71895
-2.31607	20.106	4.24029	-2.79282	-1.97724	20.2519	-2.36478	20.0515	4.14093	-2.79777
-2.1224	19.9163	4.12859	-2.95897	-2.13855	19.6683	-2.1591	19.9097	4.082	-2.87437
-1.92519	19.7438	4.02996	-3.10245	-2.05241	19.4221	-1.95638	19.764	4.02238	-2.94874
-1.71156	19.5816	3.97401	-3.1994	-1.65223	19.5396	-1.75666	19.6147	3.96217	-3.02089
-1.51006	19.3998	3.87841	-3.34861	-0.738775	19.2577	-1.55997	19.4618	3.90147	-3.09085
-1.32303	19.2469	3.8021	-3.41606	-1.35851	19.3467	-1.36632	19.3055	3.84036	-3.15861
-1.13495	19.0648	3.71355	-3.51942	-1.01545	18.8516	-1.17574	19.1458	3.77892	-3.22421
-0.980886	18.8837	3.58259	-3.61626	-1.08512	18.8972	-0.988236	18.9829	3.71725	-3.28766
-0.781246	18.7265	3.57601	-3.60784	-0.297213	18.675	-0.803824	18.8169	3.65542	-3.34899
-0.607347	18.5817	3.5159	-3.63319	-0.656428	18.8029	-0.622508	18.6479	3.59351	-3.40821
-0.433367	18.3973	3.44199	-3.70012	-0.507529	18.2624	-0.444288	18.476	3.53161	-3.46536
-0.310813	18.2081	3.28582	-3.78634	-0.472563	18.2416	-0.269164	18.3013	3.46979	-3.52047
-0.154903	18.0194	3.18706	-3.86522	-0.402717	18.2	-0.0971295	18.1238	3.40813	-3.57357
0.0272436	17.8462	3.15427	-3.90138	0.0904022	17.9513	0.0718255	17.9438	3.34669	-3.6247
0.215866	17.6759	3.18159	-3.86196	0.752103	17.4652	0.237714	17.7612	3.28556	-3.67388
0.4031	17.4996	3.16799	-3.88913	0.484895	17.5811	0.400552	17.5762	3.22479	-3.72115
0.615224	17.3559	3.25293	-3.80713	1.8428	17.8251	0.560361	17.389	3.16445	-3.76656
0.721997	17.1496	3.09648	-3.89294	0.558563	17.1082	0.717162	17.1994	3.10461	-3.81013
0.876037	16.9598	3.04198	-3.92844	0.759535	17.0392	0.870984	17.0078	3.04533	-3.85192
0.984791	16.7723	2.91474	-3.97423	0.841759	16.8684	1.02185	16.8141	2.98666	-3.89195
1.12609	16.5706	2.82136	-4.05279	1.37472	16.8477	1.16981	16.6185	2.92867	-3.93028
1.22401	16.3519	2.67086	-4.12924	1.10394	16.291	1.31487	16.4209	2.87142	-3.96695
1.35893	16.1498	2.60617	-4.1668	1.38463	16.2359	1.4571	16.2216	2.81494	-4.00199
1.56476	15.9458	2.66805	-4.19047	1.8035	15.923	1.59651	16.0206	2.7593	-4.03546
1.68083	15.743	2.58958	-4.21109	0.827112	15.8045	1.73317	15.8179	2.70454	-4.06739
1.71672	15.5296	2.35718	-4.2724	1.43418	15.5774	1.86711	15.6137	2.65071	-4.09783
1.8678	15.3458	2.3776	-4.25033	2.50862	15.7505	1.99838	15.408	2.59786	-4.12682
1.99225	15.1351	2.32197	-4.28431	2.01311	15.1473	2.12703	15.2009	2.54602	-4.15442
2.10665	14.9186	2.23208	-4.34353	2.37797	15.114	2.25311	14.9924	2.49524	-4.18065
2.25985	14.6916	2.23333	-4.38359	2.39489	14.6113	2.37668	14.7827	2.44555	-4.20557
2.35948	14.463	2.13951	-4.4306	2.13497	14.2461	2.49779	14.5718	2.397	-4.22922
2.53393	14.276	2.21366	-4.40954	2.72365	14.4703	2.6165	14.3597	2.34961	-4.25165
2.64997	14.0506	2.13806	-4.46585	3.16438	14.1304	2.73287	14.1465	2.30343	-4.27288
2.76934	13.8276	2.0968	-4.49418	2.81109	13.828	2.84695	13.9322	2.25847	-4.29298
2.86466	13.5916	2.01322	-4.53561	2.70333	13.2741	2.95882	13.717	2.21478	-4.31197
2.92436	13.3715	1.87309	-4.56317	2.8064	13.4294	3.06854	13.5009	2.17238	-4.32991
3.02599	13.1702	1.87308	-4.52308	2.58903	13.4515	3.17617	13.2839	2.13129	-4.34682
3.1688	12.9676	1.91595	-4.5132	3.31266	13.1104	3.28177	13.0661	2.09154	-4.36275
3.30044	12.7461	1.98076	-4.48171	3.50416	12.2406	3.38542	12.8475	2.05316	-4.37774
3.37451	12.5805	1.91035	-4.43951	3.29401	12.964	3.48718	12.6282	2.01617	-4.39182
3.49681	12.3698	1.93361	-4.42942	3.88839	12.4809	3.58713	12.4083	1.98058	-4.40503
3.6169	12.1522	1.93916	-4.43768	3.69076	12.1757	3.68533	12.1876	1.94641	-4.41741
3.71094	11.9378	1.92	-4.42906	3.3772	11.9578	3.78186	11.9664	1.9137	-4.42898
3.84112	11.7213	1.95097	-4.43132	3.95029	11.7531	3.87678	11.7446	1.88244	-4.43979
3.92437	11.5061	1.87432	-4.45667	3.85773	11.9001	3.97018	11.5223	1.85266	-4.44986
4.0244	11.2539	1.84067	-4.50435	4.04721	11.0677	4.06213	11.2996	1.82437	-4.45922
4.15384	11.0499	1.90295	-4.47238	4.60651	11.3932	4.1527	11.0763	1.79758	-4.4679
4.2245	10.8632	1.83991	-4.4473	4.14933	11.0963	4.24196	10.8527	1.77231	-4.47593
4.30349	10.6453	1.78072	-4.46163	4.1326	10.843	4.33	10.6287	1.74858	-4.48333
4.39811	10.4317	1.76246	-4.4628	4.42111	10.4937	4.41689	10.4043	1.72638	-4.49013
4.50081	10.2093	1.76124	-4.47073	4.75659	10.1975	4.50271	10.1796	1.70573	-4.49636
4.56464	9.98715	1.68754	-4.48411	4.48366	9.99235	4.58753	9.95461	1.68663	-4.50203
4.65322	9.77066	1.64513	-4.50086	4.96096	10.1488	4.67143	9.72935	1.66911	-4.50715
4.71669	9.57065	1.58484	-4.48686	4.65898	9.72335	4.7545	9.50385	1.65315	-4.51176
4.79405	9.38924	1.58373	-4.43602	4.47989	10.361	4.83681	9.27814	1.63878	-4.51587
4.82217	9.14336	1.4533	-4.47732	4.63217	8.98022	4.91844	9.05223	1.62599	-4.51949
4.90434	8.90437	1.43037	-4.50602	5.06495	8.52665	4.99946	8.82616	1.61479	-4.52264
4.99389	8.66238	1.42434	-4.535	5.05882	8.56623	5.07997	8.59994	1.60519	-4.52532
5.11211	8.43963	1.53209	-4.50745	5.36813	8.24251	5.16003	8.37361	1.59718	-4.52755
5.18986	8.18793	1.50429	-4.54504	5.18715	8.02727	5.23973	8.14717	1.59078	-4.52933
5.30204	7.95491	1.58615	-4.53443	5.49333	7.6344	5.31916	7.92067	1.58598	-4.53068
5.37028	7.71917	1.54758	-4.55166	5.32495	7.66023	5.39838	7.6941	1.58279	-4.5316
5.48402	7.4883	1.6276	-4.54049	5.74756	7.30442	5.47748	7.46751	1.5812	-4.53209
5.52213	7.25129	1.53574	-4.56044	5.34165	7.17527	5.55654	7.24091	1.58122	-4.53215
5.64271	7.03527	1.69148	-4.49967	5.52242	6.92525	5.63564	7.01431	1.58285	-4.53178
5.75102	6.80539	1.73456	-4.50142	5.85104	6.78356	5.71486	6.78775	1.58608	-4.53098
5.7996	6.58458	1.63399	-4.51899	5.5405	6.7359	5.79428	6.56124	1.59093	-4.52975
5.84963	6.35708	1.57345	-4.5254	5.70661	6.33767	5.87398	6.33481	1.59737	-4.52808
5.91526	6.10671	1.53144	-4.55986	5.63609	5.57892	5.95405	6.10848	1.60542	-4.52597
5.98396	5.88772	1.51058	-4.55316	5.95076	5.93707	6.03455	5.88226	1.61507	-4.52341
6.0271	5.65259	1.38809	-4.59	5.96266	5.64138	6.11558	5.65619	1.62631	-4.52038
6.08622	5.4379	1.35546	-4.5787	6.0423	5.52	6.19721	5.43028	1.63914	-4.51687
6.16117	5.20764	1.35696	-4.58256	6.20583	5.17266	6.27951	5.20457	1.65356	-4.51288
6.24234	4.9709	1.3595	-4.5971	6.30992	4.93053	6.36258	4.97906	1.66956	-4.50838
6.30946	4.77061	1.34187	-4.57017	6.49415	5.34675	6.44648	4.7538	1.68714	-4.50337
6.42088	4.50226	1.38958	-4.62227	6.64607	4.28476	6.53131	4.52881	1.70628	-4.49781
6.51971	4.26824	1.49035	-4.60358	6.42345	4.10243	6.61712	4.30411	1.72698	-4.4917
6.62444	4.00952	1.52938	-4.63806	6.7837	3.85166	6.70401	4.07974	1.74923	-4.485
6.74335	3.77752	1.66977	-4.6074	6.88194	3.71244	6.79205	3.85571	1.77302	-4.4777
6.79262	3.56446	1.62522	-4.58672	6.60478	3.66164	6.88132	3.63207	1.79834	-4.46978
6.87886	3.34053	1.66857	-4.56703	6.71835	3.36038	6.97188	3.40885	1.82518	-4.4612
6.99725	3.16366	1.74836	-4.49476	7.17782	3.43284	7.06383	3.18607	1.85352	-4.45194
7.11305	2.97687	1.88255	-4.41061	7.10962	3.4589	7.15723	2.96378	1.88336	-4.44197
7.2122	2.76327	1.91645	-4.39053	7.23497	2.79647	7.25216	2.742	1.91468	-4.43125
7.31205	2.55043	1.90979	-4.38593	7.81269	2.7161	7.34868	2.52078	1.94746	-4.41977
7.39698	2.33506	1.91588	-4.3733	7.33132	2.35955	7.44688	2.30016	1.98168	-4.40749
7.4648	2.08801	1.83429	-4.42405	7.29836	1.74476	7.54683	2.08018	2.01733	-4.39436
7.5595	1.85094	1.84468	-4.44008	7.58602	1.76558	7.64859	1.86087	2.0544	-4.38037
7.68699	1.63909	1.96487	-4.39841	7.99229	1.72323	7.75224	1.6423	2.09284	-4.36546
7.80618	1.35622	1.99264	-4.47186	7.97494	1.01608	7.85785	1.42449	2.13266	-4.34961
7.92926	1.15931	2.08544	-4.41277	8.13791	1.49328	7.96547	1.2075	2.17382	-4.33277
7.98931	0.918739	2.03251	-4.43819	7.74579	0.856143	8.07519	0.991377	2.21629	-4.31491
8.10519	0.700921	2.11827	-4.40614	7.9966	0.717656	8.18706	0.776179	2.26005	-4.29598
8.2336	0.498443	2.18584	-4.36372	8.34388	0.562841	8.30115	0.561955	2.30508	-4.27595
8.36883	0.297528	2.25903	-4.3193	8.9356	0.484177	8.41752	0.348763	2.35134	-4.25478
8.48828	0.118839	2.31369	-4.24885	8.48104	0.291966	8.53623	0.136661	2.39881	-4.23241
8.66748	-0.0770476	2.55203	-4.14756	9.02773	0.00101087	8.65734	-0.0742907	2.44744	-4.20881
8.82695	-0.252097	2.65794	-4.05908	8.96733	-0.139408	8.78091	-0.28403	2.4972	-4.18394
8.98283	-0.408945	2.79145	-3.93424	8.87814	0.254363	8.90699	-0.492491	2.54807	-4.15775
9.1307	-0.602561	2.85966	-3.88692	9.16885	-0.602737	9.03564	-0.699608	2.59998	-4.1302
9.27232	-0.81505	2.90582	-3.87531	9.30978	-1.13129	9.16691	-0.905311	2.65292	-4.10124
9.36382	-1.07595	2.85099	-3.96323	9.13964	-1.3033	9.30084	-1.10953	2.70683	-4.07084
9.51847	-1.29437	2.96369	-3.93384	9.30144	-1.67135	9.4375	-1.31219	2.76168	-4.03893
9.69226	-1.49932	3.04961	-3.89647	9.84791	-1.57675	9.57692	-1.51322	2.8174	-4.00549
9.82917	-1.67809	3.03998	-3.85532	9.81628	-1.35201	9.71914	-1.71253	2.87396	-3.97047
9.94311	-1.8736	3.0289	-3.84025	9.72359	-1.82788	9.86421	-1.91005	2.93131	-3.93381
10.1114	-2.06322	3.15065	-3.77393	9.92581	-2.08875	10.0122	-2.1057	2.98938	-3.89549
10.2566	-2.26687	3.17436	-3.76337	10.2065	-2.31135	10.163	-2.29939	3.04813	-3.85546
10.3758	-2.44505	3.11347	-3.74601	9.93719	-2.06904	10.3169	-2.49103	3.1075	-3.81368
10.5252	-2.67932	3.11965	-3.79176	10.5663	-2.86039	10.4737	-2.68054	3.16742	-3.7701
10.6616	-2.8691	3.08433	-3.78533	10.6621	-2.78836	10.6335	-2.86783	3.22785	-3.72468
10.7869	-3.06246	3.07058	-3.77901	10.6279	-3.02971	10.7963	-3.05279	3.2887	-3.67739
10.9794	-3.23161	3.23954	-3.67927	10.9936	-3.04182	10.9622	-3.23535	3.34992	-3.62819
11.1423	-3.41337	3.28087	-3.64122	11.141	-3.40911	11.1311	-3.4154	3.41144	-3.57705
11.3214	-3.581	3.38226	-3.56319	11.1921	-3.33868	11.3032	-3.59284	3.47319	-3.52392
11.4997	-3.78212	3.42668	-3.55675	11.5914	-3.89091	11.4783	-3.76758	3.53509	-3.46877
11.6808	-3.96705	3.4881	-3.52081	11.8203	-4.21307	11.6565	-3.9395	3.59707	-3.41158
11.8561	-4.16184	3.52109	-3.51166	11.8945	-4.23758	11.8378	-4.10852	3.65905	-3.35231
12.059	-4.33679	3.62096	-3.44822	12.4401	-4.50646	12.0223	-4.27453	3.72095	-3.29094
12.2547	-4.49043	3.69365	-3.36268	12.298	-4.45269	12.2098	-4.43741	3.7827	-3.22744
12.4614	-4.64281	3.81702	-3.2612	12.3763	-4.33915	12.4003	-4.59707	3.84421	-3.16178
12.6654	-4.76166	3.90115	-3.11975	12.6495	-4.63194	12.594	-4.75339	3.90539	-3.09395
12.8663	-4.91215	3.95099	-3.04903	13.0698	-4.87656	12.7907	-4.90626	3.96616	-3.02393
13.0672	-5.08117	3.99473	-3.01746	13.118	-5.15028	12.9904	-5.05558	4.02643	-2.95171
13.2405	-5.23446	3.99802	-2.98185	12.6188	-5.16246	13.1931	-5.20124	4.0861	-2.87726
13.403	-5.42739	3.96716	-3.03026	13.2779	-5.50545	13.3988	-5.34312	4.1451	-2.80059
13.6451	-5.55171	4.13551	-2.88686	13.8504	-4.96233	13.6074	-5.48111	4.20332	-2.72168
13.8273	-5.70265	4.14135	-2.85465	13.699	-5.67898	13.8189	-5.6151	4.26067	-2.64053
14.0643	-5.83797	4.25514	-2.75597	14.3872	-5.71768	14.0332	-5.74499	4.31706	-2.55715
14.2983	-5.96189	4.33207	-2.64912	14.392	-5.96477	14.2504	-5.87065	4.37238	-2.47154
14.523	-6.09805	4.39587	-2.58151	14.5382	-6.20694	14.4703	-5.99197	4.42655	-2.38369
14.7621	-6.17871	4.4809	-2.4018	14.7763	-6.0709	14.6928	-6.10885	4.47946	-2.29364
14.9849	-6.29608	4.53692	-2.32158	14.7003	-6.11223	14.918	-6.22118	4.53101	-2.20138
15.1676	-6.38375	4.53005	-2.21687	14.8509	-6.21469	15.1457	-6.32884	4.58111	-2.10694
15.4076	-6.49061	4.58842	-2.12108	15.7265	-6.46475	15.3758	-6.43173	4.62966	-2.01035
15.6395	-6.58881	4.63115	-2.02277	15.6399	-6.57617	15.6084	-6.52973	4.67655	-1.91162
15.8798	-6.69663	4.70098	-1.95695	15.7316	-6.60536	15.8432	-6.62276	4.72169	-1.81079
16.1184	-6.83885	4.72555	-1.9646	16.2265	-6.97743	16.0803	-6.71069	4.76497	-1.7079
16.3288	-6.92333	4.7145	-1.86748	15.8267	-6.78095	16.3195	-6.79342	4.8063	-1.60298
16.5668	-7.03363	4.74275	-1.8235	16.6141	-7.09003	16.5607	-6.87087	4.84558	-1.49608
16.7922	-7.13053	4.7568	-1.76641	16.4214	-7.35453	16.8038	-6.94292	4.88271	-1.38725
17.0383	-7.18758	4.80378	-1.61979	17.0335	-7.12355	17.0487	-7.00949	4.9176	-1.27653
17.2682	-7.24759	4.81555	-1.49564	17.0944	-6.8385	17.2953	-7.07048	4.95015	-1.16398
17.5482	-7.21348	4.90507	-1.15701	17.6002	-7.00217	17.5434	-7.1258	4.98026	-1.04968
17.8172	-7.25624	4.97653	-1.03507	18.2702	-6.07225	17.793	-7.17537	5.00785	-0.933668
18.0787	-7.2515	5.01424	-0.804611	18.068	-7.13549	18.044	-7.21909	5.03282	-0.816029
18.324	-7.24652	5.01743	-0.590208	18.3087	-6.15194	18.2961	-7.2569	5.05509	-0.696834
18.5695	-7.27441	5.02449	-0.476522	18.5372	-7.26977	18.5492	-7.28872	5.07456	-0.57616
18.8461	-7.30638	5.07096	-0.384479	19.5536	-7.06548	18.8033	-7.31446	5.09116	-0.454089
19.0768	-7.32314	5.05509	-0.277734	18.9302	-7.29311	19.0581	-7.33408	5.10481	-0.330708
19.3174	-7.35367	5.04716	-0.206278	18.816	-8.27535	19.3135	-7.3475	5.11543	-0.206107
19.6358	-7.29512	5.1113	0.0810437	19.9881	-7.22324	19.5694	-7.35466	5.12294	-0.0803797
19.9026	-7.30674	5.13681	0.142164	20.1094	-7.15442	19.8255	-7.35551	5.12728	0.0463764
20.183	-7.27587	5.15296	0.31676	20.3189	-7.25458	20.0818	-7.35	5.12836	0.17406
20.4439	-7.30759	5.18399	0.274254	20.0602	-7.86255	20.3381	-7.33809	5.12615	0.302565
20.6609	-7.32254	5.13827	0.30529	20.4141	-7.35358	20.5942	-7.31974	5.12056	0.431784
20.9134	-7.28419	5.1131	0.474439	21.0198	-6.96189	20.8499	-7.29491	5.11155	0.561605
21.1763	-7.19956	5.09746	0.715263	21.1782	-7.07525	21.1051	-7.26358	5.09906	0.691914
21.44	-7.17288	5.10457	0.786514	21.6131	-6.92172	21.3596	-7.22573	5.08306	0.822593
21.6664	-7.25241	5.08131	0.629529	21.5691	-7.50657	21.6132	-7.18134	5.06349	0.953522
21.9121	-7.17366	5.01431	0.883073	22.3609	-6.74362	21.8657	-7.1304	5.04032	1.08458
22.2118	-7.02879	5.01532	1.2109	22.4821	-6.84052	22.117	-7.07291	5.01352	1.21564
22.4365	-6.93022	4.90237	1.47047	22.0518	-7.75788	22.3669	-7.00887	4.98307	1.34657
22.6437	-6.8385	4.81622	1.62927	22.3914	-6.78652	22.6151	-6.93829	4.94893	1.47726
22.8949	-6.80331	4.83272	1.61454	22.6149	-7.88858	22.8616	-6.86119	4.9111	1.60756
23.1211	-6.8114	4.81158	1.54661	23.0586	-7.02348	23.106	-6.77759	4.86956	1.73734
23.3352	-6.71867	4.72478	1.70919	22.6521	-7.46004	23.3483	-6.68751	4.82431	1.86648
23.5682	-6.64145	4.68439	1.80117	23.5581	-6.66759	23.5883	-6.59099	4.77535	1.99484
23.8214	-6.58266	4.69849	1.81165	23.969	-7.15519	23.8257	-6.48809	4.72269	2.12228
24.033	-6.47232	4.62561	1.95185	23.8837	-6.42686	24.0604	-6.37883	4.66633	2.24867
24.2549	-6.35392	4.54284	2.1192	24.3438	-6.1767	24.2922	-6.26328	4.6063	2.37389
24.4983	-6.21086	4.49385	2.29267	24.6144	-6.12588	24.5209	-6.14151	4.54262	2.49779
24.7425	-6.12546	4.51983	2.28291	24.8015	-5.92355	24.7463	-6.01357	4.47532	2.62023
24.9654	-5.99876	4.46176	2.40159	24.9561	-5.97289	24.9683	-5.87956	4.40444	2.7411
25.1779	-5.86031	4.3713	2.55185	25.2043	-5.60245	25.1866	-5.73954	4.33001	2.86026
25.41	-5.71105	4.31849	2.68631	25.5127	-5.65871	25.4011	-5.5936	4.25209	2.97757
25.5988	-5.55707	4.18725	2.85106	25.1219	-6.08842	25.6117	-5.44185	4.17073	3.09291
25.7636	-5.3057	3.99454	3.15024	25.5133	-5.02906	25.8181	-5.28439	4.08598	3.20616
25.9595	-5.1471	3.90822	3.2538	25.8718	-5.258	26.0202	-5.12131	3.99791	3.31719
26.1569	-5.02795	3.85375	3.2802	26.1696	-5.15715	26.2178	-4.95274	3.90659	3.42588
26.3482	-4.83965	3.74116	3.42781	26.7614	-3.08969	26.4107	-4.7788	3.81209	3.53212
26.5422	-4.60518	3.61834	3.62588	26.6275	-4.42212	26.5989	-4.5996	3.7145	3.63578
26.7504	-4.45105	3.63584	3.62265	26.871	-4.28196	26.7821	-4.41529	3.6139	3.73676
26.9079	-4.29195	3.52846	3.67942	26.7603	-4.37714	26.9602	-4.226	3.51038	3.83494
27.111	-4.13229	3.56706	3.65836	27.0374	-3.55517	27.1331	-4.03186	3.40403	3.93023
27.3244	-3.92789	3.52606	3.7576	27.5646	-3.84582	27.3006	-3.83304	3.29495	4.02252
27.4836	-3.71774	3.34093	3.91883	27.8979	-3.80197	27.4625	-3.62967	3.18325	4.11172
27.6693	-3.51741	3.27345	3.99813	27.8006	-3.49682	27.6188	-3.42193	3.06903	4.19774
27.8216	-3.29677	3.11015	4.13322	28.156	-2.47925	27.7694	-3.20995	2.95242	4.28049
27.9518	-3.045	2.94273	4.27835	27.8439	-2.91563	27.914	-2.99393	2.83351	4.35989
28.0911	-2.82381	2.81448	4.3652	28.0476	-2.41976	28.0527	-2.77401	2.71243	4.43586
28.1974	-2.56886	2.62734	4.49148	28.0346	-2.4696	28.1853	-2.55039	2.5893	4.50833
28.3042	-2.32805	2.4072	4.61066	28.3248	-2.46974	28.3116	-2.32322	2.46425	4.57724
28.4493	-2.12025	2.32939	4.64503	28.5977	-2.18783	28.4317	-2.0927	2.3374	4.64252
28.5871	-1.90207	2.28892	4.66601	28.6844	-2.17053	28.5453	-1.859	2.20888	4.70412
28.7179	-1.6748	2.19707	4.7144	28.8261	-1.68876	28.6526	-1.62231	2.07883	4.76199
28.8226	-1.44481	2.11514	4.74421	28.3124	-1.6871	28.7532	-1.38282	1.94737	4.8161
28.9292	-1.17173	1.98221	4.83934	28.9751	-1.03856	28.8473	-1.14071	1.81465	4.86639
29.0091	-0.923436	1.84811	4.8894	28.4647	-0.32712	28.9347	-0.896184	1.6808	4.91284
29.085	-0.66713	1.69614	4.9488	29.0173	-0.634573	29.0154	-0.649428	1.54595	4.95543
29.1309	-0.402006	1.43558	5.03146	28.9615	0.162307	29.0893	-0.400636	1.41024	4.99413
29.1862	-0.191323	1.29302	5.02108	29.0872	-0.363706	29.1564	-0.150004	1.27382	5.02893
29.2492	0.071669	1.10174	5.07991	29.7564	1.14927	29.2167	0.102274	1.13682	5.05982
29.2967	0.342355	0.938717	5.12793	29.2861	0.404402	29.2701	0.356002	0.999371	5.08681
29.3416	0.600886	0.810012	5.15143	29.1776	1.14383	29.3166	0.610984	0.861619	5.10989
29.4093	0.805577	0.733716	5.11614	29.5469	0.605555	29.3563	0.867027	0.723698	5.12908
29.4271	1.07366	0.520782	5.15189	29.3942	2.37688	29.389	1.12393	0.585743	5.14439
29.4693	1.34797	0.396537	5.18565	29.5867	1.42748	29.4149	1.38152	0.447888	5.15584
29.505	1.60854	0.278837	5.19903	29.9335	1.97385	29.4338	1.63957	0.310266	5.16347
29.5015	1.86861	0.105689	5.20277	29.4282	1.86217	29.4459	1.89792	0.173006	5.1673
29.4923	2.12665	-0.10989	5.20123	29.7238	1.41909	29.4512	2.15637	0.0362376	5.16738
29.472	2.43351	-0.299953	5.24333	29.4355	2.62855	29.4496	2.41474	-0.0999139	5.16374
29.4549	2.69254	-0.455716	5.22932	29.525	2.24548	29.4412	2.67283	-0.235325	5.15644
29.4753	2.99681	-0.544531	5.27243	29.7424	3.20057	29.426	2.93047	-0.369875	5.14552
29.4444	3.26155	-0.649947	5.25865	28.9264	3.72211	29.4042	3.18747	-0.503448	5.13105
29.4352	3.49377	-0.747575	5.21318	29.5679	3.37337	29.3757	3.44367	-0.635928	5.11309
29.3887	3.75447	-0.885126	5.19104	29.0715	3.9654	29.3406	3.69889	-0.767205	5.09171
29.3251	3.9565	-1.04653	5.09772	29.2254	3.70749	29.299	3.95295	-0.897172	5.06698
29.3087	4.2142	-1.07166	5.09002	29.7082	4.22378	29.2509	4.2057	-1.02573	5.03897
29.2205	4.43693	-1.25317	5.01578	29.0468	4.29607	29.1964	4.45697	-1.15277	5.00776
29.1477	4.68637	-1.38872	4.97936	28.8869	4.75902	29.1356	4.7066	-1.2782	4.97344
29.0591	4.95195	-1.54848	4.95426	28.9789	5.02462	29.0686	4.95444	-1.40194	4.93609
28.9954	5.20217	-1.58695	4.9367	28.7325	5.2483	28.9954	5.20034	-1.52389	4.8958
28.9606	5.4327	-1.63108	4.89638	29.2109	5.37581	28.9162	5.44416	-1.64397	4.85267
28.8551	5.68514	-1.80563	4.85148	28.1556	7.7268	28.831	5.68575	-1.7621	4.80678
28.7634	5.93205	-1.92412	4.81186	28.7725	5.9562	28.7399	5.92498	-1.87822	4.75823
28.6373	6.17269	-2.11755	4.74226	28.0465	7.37839	28.6431	6.16173	-1.99225	4.70713
28.5323	6.3976	-2.23451	4.6745	28.5522	6.35276	28.5407	6.39585	-2.10412	4.65358
28.4618	6.64614	-2.27703	4.65783	29.2418	7.54597	28.4327	6.62724	-2.21379	4.59767
28.3655	6.84386	-2.36247	4.56819	28.4717	6.70428	28.3192	6.85578	-2.32119	4.53952
28.2458	7.06709	-2.44354	4.51625	28.1177	6.26311	28.2005	7.08135	-2.42628	4.47922
28.1206	7.35157	-2.5496	4.5293	28.123	7.60344	28.0765	7.30386	-2.529	4.41689
27.9844	7.57949	-2.67682	4.46332	27.7497	8.38372	27.9475	7.52321	-2.62933	4.35263
27.8571	7.79432	-2.77026	4.39371	27.9059	7.76757	27.8135	7.73929	-2.72722	4.28656
27.7011	8.00834	-2.90825	4.30807	27.3838	8.21907	27.6747	7.95203	-2.82265	4.21877
27.5387	8.21948	-3.03516	4.22452	27.46	8.20897	27.5312	8.16134	-2.91558	4.14938
27.3596	8.40683	-3.24245	4.06731	27.7325	7.24638	27.3831	8.36714	-3.00599	4.07849
27.2119	8.58094	-3.32857	3.95188	27.3044	8.47237	27.2305	8.56936	-3.09388	4.00622
27.0425	8.78137	-3.45237	3.85546	26.9578	9.67899	27.0736	8.76794	-3.17922	3.93267
26.8215	9.03683	-3.61879	3.81987	26.5692	9.29585	26.9125	8.9628	-3.262	3.85794
26.6377	9.22435	-3.67845	3.74926	26.3023	8.56687	26.7473	9.1539	-3.34223	3.78216
26.4396	9.36761	-3.79564	3.58469	26.3716	9.20367	26.5781	9.34119	-3.4199	3.70541
26.2853	9.57188	-3.76897	3.59495	26.372	9.97194	26.4052	9.52461	-3.49502	3.62781
26.1026	9.77886	-3.83991	3.55105	26.1471	9.89295	26.2285	9.70414	-3.56759	3.54945
25.9302	9.98243	-3.81281	3.57338	25.3582	10.7466	26.0483	9.87973	-3.63763	3.47045
25.7583	10.1076	-3.86637	3.42841	25.8724	9.91294	25.8646	10.0514	-3.70515	3.39089
25.559	10.2726	-3.9721	3.31364	25.6726	10.5934	25.6776	10.219	-3.77016	3.31087
25.3711	10.3675	-4.03586	3.1286	25.4369	10.1104	25.4875	10.3826	-3.8327	3.2305
25.1722	10.541	-4.07686	3.08744	24.4778	11.9539	25.2942	10.5422	-3.89278	3.14987
24.9564	10.6893	-4.15714	2.98618	24.8955	10.6742	25.098	10.6978	-3.95044	3.06906
24.7535	10.849	-4.16855	2.96005	24.3543	10.8958	24.899	10.8493	-4.00571	2.98817
24.5528	10.9714	-4.219	2.84291	24.6024	10.8869	24.6973	10.9967	-4.05861	2.90729
24.3547	11.1338	-4.25896	2.79586	24.1967	12.6404	24.493	11.1402	-4.10919	2.8265
24.1642	11.2811	-4.28363	2.73731	24.3047	11.321	24.2862	11.2795	-4.15749	2.74589
23.9494	11.4011	-4.35886	2.60512	24.5863	10.4852	24.0771	11.4149	-4.20354	2.66553
23.7397	11.4604	-4.40596	2.40734	23.7789	11.2152	23.8657	11.5462	-4.24739	2.58551
23.5346	11.5929	-4.41143	2.37334	23.7361	11.4278	23.6522	11.6736	-4.28909	2.50589
23.3169	11.7195	-4.45358	2.30163	23.3423	11.7567	23.4366	11.797	-4.32868	2.42676
23.0956	11.8411	-4.48773	2.23717	22.8857	12.2555	23.2191	11.9164	-4.36622	2.34818
22.8641	11.9663	-4.53704	2.17186	22.8321	12.0192	22.9998	12.0319	-4.40174	2.27022
22.6515	12.0931	-4.54175	2.14816	22.7202	12.4833	22.7788	12.1436	-4.43532	2.19295
22.4303	12.1864	-4.57359	2.04691	22.4654	12.1469	22.5561	12.2513	-4.46699	2.11642
22.2227	12.3134	-4.53568	2.08278	22.4194	11.8766	22.3319	12.3553	-4.49681	2.04071
21.9657	12.4102	-4.60282	1.98894	21.7874	12.3787	22.1062	12.4555	-4.52484	1.96586
21.7413	12.5098	-4.6397	1.90146	22.0426	12.7495	21.8792	12.552	-4.55114	1.89194
21.511	12.5835	-4.66941	1.79075	21.515	12.5172	21.6509	12.6448	-4.57575	1.81899
21.2905	12.6823	-4.66018	1.77232	21.6464	12.0735	21.4215	12.734	-4.59875	1.74706
21.0813	12.852	-4.65251	1.85519	21.2694	13.1512	21.1909	12.8197	-4.62018	1.6762
20.8415	12.9347	-4.71272	1.73005	20.6799	13.6331	20.9593	12.9018	-4.6401	1.60647
20.6424	12.996	-4.69856	1.62914	20.8491	12.9353	20.7267	12.9804	-4.65858	1.53789
20.3989	13.0312	-4.77882	1.39151	21.2381	12.1655	20.4932	13.0557	-4.67567	1.47051
20.169	13.1272	-4.79429	1.35666	20.2433	13.2333	20.2589	13.1276	-4.69142	1.40437
19.9241	13.2088	-4.80182	1.33721	19.1758	13.6223	20.0239	13.1962	-4.70591	1.3395
19.7185	13.222	-4.78426	1.17508	19.89	13.0662	19.7882	13.2616	-4.71918	1.27594
19.4813	13.3061	-4.79278	1.16129	18.8414	14.4265	19.5518	13.3239	-4.73129	1.21372
19.2026	13.3819	-4.85371	1.10634	18.9873	13.4215	19.3149	13.3831	-4.7423	1.15287
18.9595	13.4207	-4.87128	0.998408	19.2999	12.6552	19.0774	13.4392	-4.75226	1.09341
18.7299	13.4354	-4.8695	0.860215	18.7874	13.332	18.8395	13.4925	-4.76124	1.03538
18.4761	13.474	-4.89535	0.766062	17.9617	13.7891	18.6011	13.5429	-4.76928	0.97879
18.2636	13.5635	-4.87877	0.789875	18.5012	13.776	18.3624	13.5904	-4.77644	0.923668
18.0207	13.6412	-4.86842	0.84283	17.2223	14.5158	18.1233	13.6353	-4.78278	0.870034
17.8	13.6916	-4.85588	0.798795	17.9436	13.7469	17.8839	13.6775	-4.78834	0.817907
17.5634	13.7244	-4.87432	0.685631	17.9681	13.9542	17.6443	13.7172	-4.79318	0.767303
17.318	13.7509	-4.88505	0.60235	17.3027	13.7285	17.4044	13.7543	-4.79734	0.718238
17.0793	13.7941	-4.89069	0.554974	17.0811	14.3435	17.1644	13.789	-4.80088	0.670728
16.847	13.8468	-4.8881	0.53632	16.9456	13.9531	16.9242	13.8214	-4.80385	0.624784
16.611	13.8588	-4.87945	0.459846	17.3034	12.7369	16.6839	13.8516	-4.80628	0.580418
16.4095	13.8463	-4.83614	0.335645	16.6201	13.7709	16.4434	13.8795	-4.80823	0.537642
16.177	13.8866	-4.81689	0.36613	16.2884	13.7529	16.2029	13.9054	-4.80974	0.496465
15.968	13.8842	-4.78505	0.273778	16.1305	13.8507	15.9623	13.9292	-4.81085	0.456895
15.7388	13.9015	-4.76764	0.256655	16.2232	13.2228	15.7217	13.9511	-4.8116	0.418941
15.4943	13.9291	-4.7793	0.22895	15.4765	13.9799	15.481	13.9712	-4.81203	0.382607
15.2653	13.9481	-4.77531	0.182011	15.6433	14.169	15.2404	13.9895	-4.81218	0.347902
15.0507	13.9799	-4.75529	0.173599	15.2167	14.0962	14.9997	14.006	-4.81208	0.314829
14.836	13.9771	-4.73673	0.083292	16.1471	13.3014	14.7591	14.021	-4.81178	0.283394
14.5717	13.9855	-4.76751	0.0348901	14.4216	13.9722	14.5184	14.0344	-4.8113	0.2536
14.327	13.9782	-4.77291	-0.0356417	14.0834	13.8593	14.2778	14.0464	-4.81067	0.22545
14.0389	14.0027	-4.83	-0.0435542	13.7936	14.0438	14.0373	14.057	-4.80993	0.198947
13.7758	14.0014	-4.8438	-0.0564785	12.7125	13.9172	13.7967	14.0663	-4.8091	0.174094
13.5316	14.0113	-4.84793	-0.0799517	13.5367	14.0609	13.5563	14.0745	-4.80821	0.150893
13.2873	14.0147	-4.84272	-0.0756223	13.1756	13.7467	13.3158	14.0815	-4.80729	0.129345
13.0605	13.9921	-4.82257	-0.152393	13.1207	13.9437	13.0755	14.0874	-4.80635	0.109452
12.8228	13.9896	-4.81001	-0.142585	13.012	13.4479	12.8351	14.0925	-4.80542	0.0912136
12.5949	13.9716	-4.79355	-0.200282	12.65	13.9493	12.5949	14.0966	-4.80452	0.074632
12.3643	13.9942	-4.77739	-0.121663	12.6389	13.9709	12.3546	14.1	-4.80366	0.0597074
12.1469	14.0404	-4.76162	-0.0525976	12.3331	14.277	12.1144	14.1026	-4.80286	0.0464402
11.9053	14.0742	-4.76148	0.0314148	11.5246	14.5844	11.8743	14.1046	-4.80214	0.0348309
11.6475	14.0451	-4.7795	-0.0408593	11.5002	13.8978	11.6342	14.1061	-4.80151	0.0248797
11.4135	14.0941	-4.7702	0.0825835	11.3723	14.7565	11.3941	14.1072	-4.80098	0.0165867
11.146	14.1266	-4.80359	0.128121	11.0254	14.2062	11.1541	14.1078	-4.80056	0.00995216
10.9126	14.1069	-4.80414	0.0181879	11.244	14.1065	10.914	14.1082	-4.80025	0.00497615
10.6406	14.1058	-4.83843	-0.000173306	10.468	14.0591	10.674	14.1084	-4.80006	0.00165874
