0	0
0.0883998	0
0.0883998	11.733
2.6575	11.733
2.6575	64.3529
8.81783	64.3529
8.81783	33.9059
1.366	33.9059
1.366	29.9778
0.217349	29.9778
0.217349	26.5723
8.78391	26.5723
8.78391	21.105
9.85169	21.105
9.85169	13.7386
9.36171	13.7386
9.36171	2.46074
6.18058	2.46074
6.18058	2.60636
9.34835	2.60636
9.34835	0.377408
5.73603	0.377408
5.73603	4.37592
2.34154	4.37592
2.34154	0.661201
4.29668	0.661201
4.29668	8.32629
1.39873	8.32629
1.39873	3.10494
2.04936	3.10494
2.04936	0.478016
1.3924	0.478016
1.3924	2.39397
0.0315674	2.39397
0.0315674	3.47218
0.0672661	3.47218
0.0672661	4.02103
0.193961	4.02103
0.193961	4.92912
0.590369	4.92912
0.590369	5.15658
1.23576	5.15658
1.23576	3.0929
5.07255	3.0929
5.07255	5.89142
1.68068	5.89142
1.68068	1.48127
0.434889	1.48127
0.434889	1.17363
3.08609	1.17363
3.08609	0.257518
0.451949	0.257518
0.451949	1.793
0.202169	1.793
0.202169	1.55162
0.415567	1.55162
0.415567	0.154702
0.67313	0.154702
0.67313	4.77628
1.27955	4.77628
1.27955	3.42313
1.21924	3.42313
1.21924	1.71201
0.149841	1.71201
0.149841	5.24641
0.146308	5.24641
0.146308	0.109324
2.24093	0.109324
2.24093	0.815585
0.393045	0.815585
0.393045	1.96223
2.17712	1.96223
2.17712	2.26132
1.17298	2.26132
1.17298	0.763425
0.836378	0.763425
0.836378	5.65517
0.476505	5.65517
0.476505	1.09501
7.2576	1.09501
7.2576	1.77093
1.02737	1.77093
1.02737	2.02417
2.24581	2.02417
2.24581	2.39436
1.43121	2.39436
1.43121	3.63111
1.22894	3.63111
1.22894	2.91497
2.99351	2.91497
2.99351	1.0694
0.8984	1.0694
0.8984	7.49536
1.51056	7.49536
1.51056	4.07523
1.95595	4.07523
1.95595	0.718687
5.44904	0.718687
5.44904	0.603943
0.238388	0.603943
0.238388	2.0047
0.707346	2.0047
0.707346	1.48174
0.38684	1.48174
0.38684	4.37721
0.835503	4.37721
0.835503	2.96642
0.0722538	2.96642
0.0722538	2.14391
1.19569	2.14391
1.19569	3.29329
0.15741	3.29329
0.15741	2.50778
0.184344	2.50778
0.184344	3.78881
0.36296	3.78881
0.36296	6.74437
3.93008	6.74437
3.93008	5.83363
0.113727	5.83363
0.113727	3.74299
1.64533	3.74299
1.64533	1.26766
0.513158	1.26766
0.513158	0.868516
3.62354	0.868516
3.62354	1.72719
0.102094	1.72719
0.102094	0.452522
1.62484	0.452522
1.62484	0.433843
1.15437	0.433843
1.15437	0.453235
1.26797	0.453235
1.26797	6.57869
2.24646	6.57869
2.24646	2.70856
0.683934	2.70856
0.683934	0.369494
0.942626	0.369494
0.942626	0.146747
0.160972	0.146747
0.160972	2.29069
1.06774	2.29069
1.06774	0.817478
0.591509	0.817478
0.591509	1.90803
3.1388	1.90803
3.1388	0.114911
2.38564	0.114911
2.38564	1.02477
2.26597	1.02477
2.26597	1.27089
0.225489	1.27089
0.225489	1.89887
0.0520817	1.89887
0.0520817	0.155568
2.61439	0.155568
2.61439	0.190218
0.808352	0.190218
0.808352	3.77021
1.15249	3.77021
1.15249	3.18905
1.81869	3.18905
1.81869	1.39098
1.21693	1.39098
1.21693	0.742045
2.93205	0.742045
2.93205	5.47159
2.13174	5.47159
2.13174	5.62341
1.09393	5.62341
1.09393	3.02936
2.61044	3.02936
2.61044	7.6667
2.22367	7.6667
2.22367	3.83441
11.066	3.83441
11.066	2.28787
3.7726	2.28787
3.7726	4.18709
2.87977	4.18709
2.87977	1.29209
0.834911	1.29209
0.834911	6.5831
1.0367	6.5831
1.0367	0.955185
3.5172	0.955185
3.5172	1.35696
0.220321	1.35696
0.220321	2.28736
0.741379	2.28736
0.741379	0.597251
0.774398	0.597251
0.774398	2.76113
2.52251	2.76113
2.52251	0.238399
0.956198	0.238399
0.956198	0.603762
1.16181	0.603762
1.16181	4.12862
0.921774	4.12862
0.921774	9.73586
1.4423	9.73586
1.4423	0.155285
0.722326	0.155285
0.722326	2.38838
0.699822	2.38838
0.699822	0.0778265
4.33222	0.0778265
4.33222	3.38959
3.57579	3.38959
3.57579	4.68184
0.289894	4.68184
0.289894	1.58525
1.83359	1.58525
1.83359	1.00316
3.64852	1.00316
3.64852	1.95103
0.00171627	1.95103
0.00171627	1.53562
1.48641	1.53562
1.48641	3.35598
2.01251	3.35598
2.01251	4.33654
7.00918	4.33654
7.00918	1.42688
0.430925	1.42688
0.430925	0.828252
0.801201	0.828252
0.801201	2.19622
2.20387	2.19622
2.20387	3.45927
2.6822	3.45927
2.6822	0.617508
0.136051	0.617508
0.136051	0.696831
0.303179	0.696831
0.303179	2.85686
0.894509	2.85686
0.894509	10.3843
3.50171	10.3843
3.50171	2.59016
1.29347	2.59016
1.29347	2.96002
1.50616	2.96002
1.50616	2.04989
0.437538	2.04989
0.437538	1.28218
2.6374	1.28218
2.6374	2.64367
0.322257	2.64367
0.322257	3.14108
1.24266	3.14108
1.24266	4.65243
0.138518	4.65243
0.138518	1.50185
0.262218	1.50185
0.262218	0.226095
0.452927	0.226095
0.452927	4.63483
5.25419	4.63483
5.25419	2.01306
1.58937	2.01306
1.58937	1.19744
3.74211	1.19744
3.74211	0.575387
5.53038	0.575387
5.53038	4.90672
0.0198453	4.90672
0.0198453	4.2531
0.230803	4.2531
0.230803	4.26642
0.642072	4.26642
0.642072	2.18553
6.64516	2.18553
6.64516	2.91907
3.66193	2.91907
3.66193	0.647115
0.923189	0.647115
0.923189	4.21621
1.58924	4.21621
1.58924	6.09431
1.41825	6.09431
1.41825	6.2001
0.107134	6.2001
0.107134	1.83032
6.49212	1.83032
6.49212	3.27719
0.93765	3.27719
0.93765	3.98807
3.08394	3.98807
3.08394	2.00421
0.284825	2.00421
0.284825	6.66297
1.6126	6.66297
1.6126	1.01561
1.36457	1.01561
1.36457	5.24971
0.020364	5.24971
0.020364	1.50599
0.738589	1.50599
0.738589	0.606932
0.109569	0.606932
0.109569	1.83452
0.43585	1.83452
0.43585	2.04977
1.49371	2.04977
1.49371	0.809666
0.221529	0.809666
0.221529	4.87366
1.50783	4.87366
1.50783	6.07057
1.41179	6.07057
1.41179	1.24159
0.192033	1.24159
0.192033	0.041254
0.937904	0.041254
0.937904	1.75687
8.07322	1.75687
8.07322	0.810301
0.0803265	0.810301
0.0803265	1.92736
1.26881	1.92736
1.26881	5.517
0.16885	5.517
0.16885	1.34053
0.339388	1.34053
0.339388	1.82985
2.75136	1.82985
2.75136	7.09091
0.588183	7.09091
0.588183	5.18943
0.250034	5.18943
0.250034	4.67925
1.58729	4.67925
1.58729	3.31844
5.75286	3.31844
5.75286	0.811272
0.417888	0.811272
0.417888	3.58947
4.91618	3.58947
4.91618	1.36107
0.752997	1.36107
0.752997	0.407296
5.34292	0.407296
5.34292	5.89214
6.20573	5.89214
6.20573	4.52978
3.24248	4.52978
3.24248	5.43831
2.10361	5.43831
2.10361	3.64266
0.117351	3.64266
0.117351	2.81328
1.30035	2.81328
1.30035	0.714035
1.95579	0.714035
1.95579	2.33179
0.107326	2.33179
0.107326	0.717364
0.707657	0.717364
0.707657	2.70636
7.31313	2.70636
7.31313	0.169985
1.379	0.169985
1.379	5.19725
1.61712	5.19725
1.61712	2.51598
2.16013	2.51598
2.16013	3.54256
2.55633	3.54256
2.55633	5.77608
0.718018	5.77608
0.718018	2.39789
1.13454	2.39789
1.13454	0.255567
1.75638	0.255567
1.75638	0.793588
1.83569	0.793588
1.83569	1.58835
0.649497	1.58835
0.649497	3.70942
0.663036	3.70942
0.663036	4.12867
0.315495	4.12867
0.315495	2.4453
2.4635	2.4453
2.4635	5.21185
0.196391	5.21185
0.196391	0.899568
2.99792	0.899568
2.99792	2.70428
1.27453	2.70428
1.27453	2.52914
0.27589	2.52914
0.27589	1.54138
2.01753	1.54138
2.01753	0.347149
5.3255	0.347149
5.3255	3.55412
2.40255	3.55412
2.40255	1.07616
3.8091	1.07616
3.8091	2.61334
2.27858	2.61334
2.27858	0.741482
1.11775	0.741482
1.11775	1.72058
3.0049	1.72058
3.0049	7.37721
0.129895	7.37721
0.129895	3.95914
0.064419	3.95914
0.064419	11.5258
1.19433	11.5258
1.19433	2.03545
3.93555	2.03545
3.93555	1.01705
0.210388	1.01705
0.210388	0.899995
0.346472	0.899995
0.346472	3.78751
1.06469	3.78751
1.06469	1.62177
6.18787	1.62177
6.18787	5.01377
2.32317	5.01377
2.32317	3.24491
0.61183	3.24491
0.61183	4.02097
2.93164	4.02097
2.93164	1.84434
2.75309	1.84434
2.75309	4.23528
0.549484	4.23528
0.549484	2.34654
0.0811186	2.34654
0.0811186	6.51511
0.920269	6.51511
0.920269	2.78384
1.93535	2.78384
1.93535	0.572989
0.676287	0.572989
0.676287	0.505032
0.803145	0.505032
0.803145	1.00196
0.0106216	1.00196
0.0106216	2.08884
2.36488	2.08884
2.36488	2.14256
0.206649	2.14256
0.206649	1.20984
6.47111	1.20984
6.47111	2.94302
2.11148	2.94302
2.11148	6.90479
0.902501	6.90479
0.902501	4.24011
2.39465	4.24011
2.39465	3.96305
3.0035	3.96305
3.0035	1.72317
0.670452	1.72317
0.670452	1.35522
5.17578	1.35522
5.17578	4.68773
0.996409	4.68773
0.996409	3.34868
0.0728387	3.34868
0.0728387	1.78903
1.00125	1.78903
1.00125	4.44453
1.88604	4.44453
1.88604	1.09778
0.510922	1.09778
0.510922	1.70084
0.951184	1.70084
0.951184	2.08057
1.70629	2.08057
1.70629	7.76634
2.34122	7.76634
2.34122	0.933724
3.79839	0.933724
3.79839	9.36782
0.0522996	9.36782
0.0522996	1.25694
0.628842	1.25694
0.628842	2.10744
0.207222	2.10744
0.207222	1.07938
4.12056	1.07938
4.12056	1.68511
2.80556	1.68511
2.80556	3.63261
1.1008	3.63261
1.1008	2.89809
1.62538	2.89809
