0	0
0	28.1593
0.155642	28.1593
0.155642	2.02849
0.07927	2.02849
0.07927	2.10561
0.157639	2.10561
0.157639	2.28932
0.0729847	2.28932
0.0729847	0.183751
0.879679	0.183751
0.879679	1.03089
1.54889	1.03089
1.54889	4.47748
0.133098	4.47748
0.133098	0.57822
5.96046	0.57822
5.96046	3.53159
5.74931	3.53159
5.74931	1.19727
2.15722	1.19727
2.15722	1.69882
4.46841	1.69882
4.46841	0.0387047
0.526099	0.0387047
0.526099	0.757467
2.07833	0.757467
2.07833	3.5573
0.506017	3.5573
0.506017	1.254
0.376631	1.254
0.376631	3.75099
0.311354	3.75099
0.311354	6.8521
1.04929	6.8521
1.04929	3.54963
0.899433	3.54963
0.899433	1.68919
2.16522	1.68919
2.16522	0.953257
1.67002	0.953257
1.67002	1.87881
1.57909	1.87881
1.57909	0.541413
0.853221	0.541413
0.853221	0.987717
0.361078	0.987717
0.361078	0.162057
2.52347	0.162057
2.52347	1.55205
1.30197	1.55205
1.30197	5.39511
3.24601	5.39511
3.24601	0.0914169
0.334843	0.0914169
0.334843	0.335664
1.67175	0.335664
1.67175	3.91892
0.74466	3.91892
0.74466	1.7278
0.403727	1.7278
0.403727	1.45465
0.366984	1.45465
0.366984	0.592723
0.3995	0.592723
0.3995	0.578188
0.49664	0.578188
0.49664	0.393878
0.243392	0.393878
0.243392	1.87404
0.0597582	1.87404
0.0597582	2.39525
0.491431	2.39525
0.491431	0.551103
1.68672	0.551103
1.68672	0.904207
0.214809	0.904207
0.214809	0.196061
1.99313	0.196061
1.99313	0.552827
2.34861	0.552827
2.34861	2.87803
2.51773	2.87803
2.51773	0.770099
0.945204	0.770099
0.945204	1.66012
1.6221	1.66012
1.6221	0.110983
4.21839	0.110983
4.21839	1.04701
3.7859	1.04701
3.7859	1.16241
0.85294	1.16241
0.85294	6.27533
0.240117	6.27533
0.240117	1.74354
1.91544	1.74354
1.91544	3.83263
0.825831	3.83263
0.825831	6.70835
4.75575	6.70835
4.75575	1.97661
0.916295	1.97661
0.916295	1.11635
2.21119	1.11635
2.21119	1.87378
0.72126	1.87378
0.72126	1.15874
1.74891	1.15874
1.74891	0.65045
0.335815	0.65045
0.335815	1.2828
0.352439	1.2828
0.352439	3.14343
2.42348	3.14343
2.42348	1.51856
2.26743	1.51856
2.26743	1.08044
1.65902	1.08044
1.65902	0.99984
0.45179	0.99984
0.45179	0.33771
0.260461	0.33771
0.260461	3.0081
0.420668	3.0081
0.420668	2.37223
2.72814	2.37223
2.72814	0.706068
0.944039	0.706068
0.944039	1.89046
0.145294	1.89046
0.145294	5.66717
2.98238	5.66717
2.98238	1.76906
0.0286412	1.76906
0.0286412	3.08528
3.10066	3.08528
3.10066	3.14566
0.073437	3.14566
0.073437	10.1874
0.666151	10.1874
0.666151	1.92228
0.796371	1.92228
0.796371	5.44323
1.95608	5.44323
1.95608	2.0862
0.533178	2.0862
0.533178	0.806104
0.775402	0.806104
0.775402	0.0686758
1.38211	0.0686758
1.38211	0.972435
0.157036	0.972435
0.157036	1.95243
1.20293	1.95243
1.20293	3.06227
0.206127	3.06227
0.206127	0.856378
1.97691	0.856378
1.97691	1.0692
0.308812	1.0692
0.308812	4.2608
0.0452272	4.2608
0.0452272	4.20276
1.37189	4.20276
1.37189	1.61944
1.19964	1.61944
1.19964	0.326432
0.0747341	0.326432
0.0747341	0.81722
2.75717	0.81722
2.75717	5.35751
2.78851	5.35751
2.78851	0.231269
0.494395	0.231269
0.494395	2.82827
0.839889	2.82827
0.839889	0.281908
0.184185	0.281908
0.184185	0.507947
0.0331243	0.507947
0.0331243	2.6785
0.268084	2.6785
0.268084	1.06111
1.24359	1.06111
1.24359	1.27011
2.48994	1.27011
2.48994	3.03977
0.117591	3.03977
0.117591	1.72573
0.402241	1.72573
0.402241	0.597869
0.291431	0.597869
0.291431	3.77264
1.23944	3.77264
1.23944	3.29193
0.668971	3.29193
0.668971	0.782609
4.98266	0.782609
4.98266	1.74759
0.131104	1.74759
0.131104	0.282655
0.426698	0.282655
0.426698	4.80393
2.42791	4.80393
2.42791	0.306304
0.768565	0.306304
0.768565	1.22975
0.395549	1.22975
0.395549	0.719544
0.466586	0.719544
0.466586	2.15721
0.73262	2.15721
0.73262	0.862251
0.949946	0.862251
0.949946	0.366752
1.94062	0.366752
1.94062	0.871236
3.02828	0.871236
3.02828	0.334259
1.93041	0.334259
1.93041	2.87869
0.609904	2.87869
0.609904	2.66714
0.660602	2.66714
0.660602	1.72231
0.662099	1.72231
0.662099	2.34843
0.0396042	2.34843
0.0396042	0.995178
0.682199	0.995178
0.682199	0.569883
2.02331	0.569883
2.02331	0.176257
0.549365	0.176257
0.549365	2.89994
4.42826	2.89994
4.42826	1.31555
0.131215	1.31555
0.131215	1.60055
2.2561	1.60055
2.2561	5.1682
0.995619	5.1682
0.995619	2.18709
0.529274	2.18709
0.529274	2.15974
1.46121	2.15974
1.46121	0.934563
1.12226	0.934563
1.12226	5.61462
2.28338	5.61462
2.28338	0.993483
0.101039	0.993483
0.101039	0.59918
0.34491	0.59918
0.34491	1.31527
0.634775	1.31527
0.634775	1.858
0.602949	1.858
0.602949	2.03378
1.5206	2.03378
1.5206	1.3082
1.01619	1.3082
1.01619	0.458413
0.180659	0.458413
0.180659	2.58965
1.2465	2.58965
1.2465	0.379605
4.09798	0.379605
4.09798	0.0626708
2.5011	0.0626708
2.5011	6.17604
1.41218	6.17604
1.41218	5.65746
1.05	5.65746
1.05	2.18427
1.43697	2.18427
1.43697	3.30432
2.43956	3.30432
2.43956	1.68219
2.51314	1.68219
2.51314	0.577387
0.252949	0.577387
0.252949	2.93391
0.148372	2.93391
0.148372	0.61159
3.3408	0.61159
3.3408	0.207041
1.23623	0.207041
1.23623	4.55599
3.33959	4.55599
3.33959	0.578698
1.43325	0.578698
1.43325	0.426334
0.997141	0.426334
0.997141	0.540363
0.192046	0.540363
0.192046	2.77785
1.8933	2.77785
1.8933	0.184413
0.126541	0.184413
0.126541	4.36152
1.1943	4.36152
1.1943	1.84295
1.99909	1.84295
1.99909	6.27037
0.624012	6.27037
0.624012	0.673016
3.03235	0.673016
3.03235	1.6653
2.05187	1.6653
2.05187	1.63062
3.80292	1.63062
3.80292	1.7625
1.7426	1.7625
1.7426	0.158674
0.00675999	0.158674
0.00675999	0.373586
0.735508	0.373586
0.735508	0.226437
4.94037	0.226437
4.94037	1.70579
1.54803	1.70579
1.54803	1.40417
1.6861	1.40417
1.6861	0.784889
0.210915	0.784889
0.210915	0.0782383
2.09122	0.0782383
2.09122	4.15867
3.88296	4.15867
3.88296	0.35797
0.740186	0.35797
0.740186	1.97611
0.645938	1.97611
0.645938	5.25624
0.980096	5.25624
0.980096	7.69974
0.283349	7.69974
0.283349	1.16525
0.243079	1.16525
0.243079	0.21183
1.12094	0.21183
1.12094	1.18243
0.799751	1.18243
0.799751	3.7058
1.49229	3.7058
1.49229	0.441196
0.037758	0.441196
0.037758	3.29689
10.8907	3.29689
10.8907	1.77498
5.6702	1.77498
5.6702	3.43016
0.744106	3.43016
0.744106	2.41733
0.333548	2.41733
0.333548	4.1646
0.209829	4.1646
0.209829	1.69767
1.85923	1.69767
1.85923	0.82855
1.55691	0.82855
1.55691	2.68522
2.2529	2.68522
2.2529	1.09996
1.94582	1.09996
1.94582	0.837984
0.533613	0.837984
0.533613	2.76206
5.60271	2.76206
5.60271	3.85966
2.47729	3.85966
2.47729	0.416659
5.17176	0.416659
5.17176	1.97617
0.21469	1.97617
0.21469	0.52349
0.432118	0.52349
0.432118	5.47901
0.130996	5.47901
0.130996	0.22608
0.937891	0.22608
0.937891	8.42489
0.505593	8.42489
0.505593	1.74693
3.79397	1.74693
3.79397	0.104309
1.1265	0.104309
1.1265	1.38022
3.79912	1.38022
3.79912	1.17405
1.18667	1.17405
1.18667	1.5854
1.15684	1.5854
1.15684	1.36634
0.0460304	1.36634
0.0460304	5.37643
0.684894	5.37643
0.684894	1.87524
0.918042	1.87524
0.918042	2.19216
0.410656	2.19216
0.410656	1.46447
2.37821	1.46447
2.37821	4.62699
0.699384	4.62699
0.699384	7.68841
0.0997845	7.68841
0.0997845	0.122014
0.0467167	0.122014
0.0467167	0.267528
0.782101	0.267528
0.782101	1.79906
0.669057	1.79906
0.669057	2.89641
0.533786	2.89641
0.533786	0.9191
2.85018	0.9191
2.85018	0.335392
3.17358	0.335392
3.17358	8.10855
0.490566	8.10855
0.490566	2.28613
0.546533	2.28613
0.546533	0.301531
1.17865	0.301531
1.17865	2.95355
0.0261865	2.95355
0.0261865	0.830094
0.0705771	0.830094
0.0705771	1.05365
3.33049	1.05365
3.33049	6.15784
0.707351	6.15784
0.707351	1.69551
0.723076	1.69551
0.723076	0.422168
1.76839	0.422168
1.76839	3.83398
0.0681621	3.83398
0.0681621	1.24492
3.49068	1.24492
3.49068	4.31374
3.44753	4.31374
3.44753	5.44091
0.939815	5.44091
0.939815	0.520344
1.09425	0.520344
1.09425	0.20373
0.559438	0.20373
0.559438	4.45792
5.48345	4.45792
5.48345	2.03647
0.271758	2.03647
0.271758	3.23547
0.798568	3.23547
0.798568	0.861663
0.310543	0.861663
0.310543	0.4813
0.255742	0.4813
0.255742	0.0356749
1.39272	0.0356749
1.39272	0.357355
0.53765	0.357355
0.53765	0.206
1.96855e-05	0.206
1.96855e-05	7.17095
0.641891	7.17095
0.641891	3.59147
1.38775	3.59147
1.38775	0.810859
3.28493	0.810859
3.28493	1.10512
3.84239	1.10512
3.84239	2.11861
2.03262	2.11861
2.03262	0.716402
2.73004	0.716402
2.73004	0.66508
3.28207	0.66508
3.28207	3.82197
0.141636	3.82197
0.141636	1.08361
2.98537	1.08361
2.98537	0.643957
1.11835	0.643957
1.11835	1.25347
1.03553	1.25347
1.03553	4.51165
0.598379	4.51165
0.598379	2.61209
0.74708	2.61209
0.74708	6.44838
0.874277	6.44838
0.874277	2.54649
9.93452	2.54649
9.93452	2.53138
0.353619	2.53138
